aa,pos,plddt,rsa,uniprot_id,location
MET,1,37.57,1.165686,A6NMS3,intermediate
ALA,2,38.27,0.840708,A6NMS3,intermediate
ARG,3,38.68,0.933195,A6NMS3,intermediate
GLU,4,47.6,0.75847,A6NMS3,intermediate
ASN,5,47.68,0.918987,A6NMS3,intermediate
HIS,6,46.82,0.648969,A6NMS3,intermediate
SER,7,49.03,0.680328,A6NMS3,intermediate
LEU,8,57.23,0.716111,A6NMS3,intermediate
ALA,9,66.24,0.154867,A6NMS3,intermediate
ALA,10,83.91,0.538053,A6NMS3,ordered
GLU,11,92.51,0.543716,A6NMS3,ordered
PHE,12,94.08,0.000917,A6NMS3,ordered
ILE,13,93.31,0.20989,A6NMS3,ordered
LEU,14,93.09,0.026111,A6NMS3,ordered
ILE,15,89.13,0.173077,A6NMS3,ordered
GLY,16,84.38,0.18,A6NMS3,ordered
PHE,17,84.31,0.138532,A6NMS3,ordered
THR,18,81.64,0.369178,A6NMS3,ordered
ASN,19,80.93,0.70443,A6NMS3,ordered
TYR,20,83.59,0.472489,A6NMS3,ordered
PRO,21,82.86,0.620979,A6NMS3,ordered
GLU,22,89.2,0.94153,A6NMS3,ordered
LEU,23,89.03,0.425,A6NMS3,ordered
LYS,24,90.88,0.234123,A6NMS3,ordered
THR,25,92.91,0.588356,A6NMS3,ordered
LEU,26,93.36,0.583889,A6NMS3,ordered
LEU,27,91.84,0.210556,A6NMS3,ordered
PHE,28,94.16,0.298165,A6NMS3,ordered
VAL,29,95.57,0.538125,A6NMS3,ordered
VAL,30,93.26,0.426875,A6NMS3,ordered
PHE,31,93.76,0.059633,A6NMS3,ordered
SER,32,95.58,0.190164,A6NMS3,ordered
ALA,33,94.57,0.453982,A6NMS3,ordered
ILE,34,93.92,0.184066,A6NMS3,ordered
TYR,35,95.19,0.223581,A6NMS3,ordered
LEU,36,95.47,0.605,A6NMS3,ordered
VAL,37,93.25,0.415625,A6NMS3,ordered
THR,38,94.41,0.015068,A6NMS3,ordered
MET,39,96.13,0.133824,A6NMS3,ordered
VAL,40,94.12,0.683125,A6NMS3,ordered
GLY,41,91.81,0.285882,A6NMS3,ordered
ASN,42,94.9,0.007595,A6NMS3,ordered
LEU,43,94.91,0.447778,A6NMS3,ordered
GLY,44,92.15,0.441176,A6NMS3,ordered
LEU,45,91.24,0.04,A6NMS3,ordered
VAL,46,93.49,0.14875,A6NMS3,ordered
ALA,47,92.31,0.458407,A6NMS3,ordered
LEU,48,89.62,0.080556,A6NMS3,ordered
ILE,49,88.78,0.002747,A6NMS3,ordered
TYR,50,89.81,0.519214,A6NMS3,ordered
VAL,51,90.46,0.758125,A6NMS3,ordered
GLU,52,88.42,0.185792,A6NMS3,ordered
ARG,53,84.15,0.856017,A6NMS3,ordered
ARG,54,86.49,0.594191,A6NMS3,ordered
LEU,55,84.79,0.018889,A6NMS3,ordered
LEU,56,88.58,0.282778,A6NMS3,ordered
THR,57,90.25,0.340411,A6NMS3,ordered
PRO,58,92.84,0.082517,A6NMS3,ordered
MET,59,92.57,0.110294,A6NMS3,ordered
TYR,60,91.15,0.049782,A6NMS3,ordered
ILE,61,92.81,0.132967,A6NMS3,ordered
PHE,62,95.16,0.0,A6NMS3,ordered
LEU,63,93.31,0.034444,A6NMS3,ordered
GLY,64,93.96,0.005882,A6NMS3,ordered
ASN,65,96.32,0.091772,A6NMS3,ordered
LEU,66,95.56,0.013889,A6NMS3,ordered
ALA,67,95.74,0.014159,A6NMS3,ordered
LEU,68,96.47,0.39,A6NMS3,ordered
MET,69,96.45,0.045588,A6NMS3,ordered
ASP,70,95.45,0.025166,A6NMS3,ordered
SER,71,96.3,0.036885,A6NMS3,ordered
CYS,72,96.12,0.217857,A6NMS3,ordered
CYS,73,94.53,0.066429,A6NMS3,ordered
SER,74,95.66,0.028689,A6NMS3,ordered
CYS,75,95.97,0.427143,A6NMS3,ordered
ALA,76,95.28,0.161947,A6NMS3,ordered
VAL,77,93.67,0.0,A6NMS3,ordered
THR,78,94.67,0.028082,A6NMS3,ordered
PRO,79,95.34,0.371329,A6NMS3,ordered
LYS,80,94.79,0.129384,A6NMS3,ordered
MET,81,93.7,0.012745,A6NMS3,ordered
LEU,82,94.95,0.103333,A6NMS3,ordered
GLU,83,94.65,0.510929,A6NMS3,ordered
ASN,84,93.24,0.091772,A6NMS3,ordered
PHE,85,91.76,0.011009,A6NMS3,ordered
PHE,86,90.63,0.544037,A6NMS3,ordered
SER,87,90.46,0.185246,A6NMS3,ordered
GLU,88,85.24,0.918033,A6NMS3,ordered
ASP,89,87.7,0.503974,A6NMS3,ordered
ARG,90,92.41,0.237344,A6NMS3,ordered
ILE,91,94.39,0.302747,A6NMS3,ordered
ILE,92,94.89,0.015934,A6NMS3,ordered
SER,93,94.71,0.237705,A6NMS3,ordered
LEU,94,92.56,0.205,A6NMS3,ordered
TYR,95,93.71,0.772926,A6NMS3,ordered
GLU,96,95.06,0.506557,A6NMS3,ordered
CYS,97,95.19,0.0,A6NMS3,ordered
MET,98,95.42,0.097059,A6NMS3,ordered
ALA,99,96.37,0.384071,A6NMS3,ordered
GLN,100,96.67,0.051852,A6NMS3,ordered
PHE,101,94.76,0.088532,A6NMS3,ordered
TYR,102,97.18,0.21179,A6NMS3,ordered
PHE,103,97.31,0.397706,A6NMS3,ordered
LEU,104,93.86,0.051111,A6NMS3,ordered
CYS,105,94.99,0.063571,A6NMS3,ordered
LEU,106,97.7,0.073333,A6NMS3,ordered
ALA,107,96.11,0.004425,A6NMS3,ordered
GLU,108,93.44,0.236066,A6NMS3,ordered
THR,109,96.22,0.05137,A6NMS3,ordered
THR,110,98.06,0.0,A6NMS3,ordered
ASP,111,95.68,0.069536,A6NMS3,ordered
CYS,112,96.17,0.030714,A6NMS3,ordered
PHE,113,98.13,0.166055,A6NMS3,ordered
LEU,114,97.46,0.003889,A6NMS3,ordered
LEU,115,96.11,0.019444,A6NMS3,ordered
ALA,116,97.79,0.038938,A6NMS3,ordered
THR,117,97.62,0.133562,A6NMS3,ordered
MET,118,96.36,0.0,A6NMS3,ordered
ALA,119,96.81,0.0,A6NMS3,ordered
TYR,120,97.4,0.281659,A6NMS3,ordered
ASP,121,96.27,0.0,A6NMS3,ordered
ARG,122,95.24,0.146888,A6NMS3,ordered
TYR,123,96.6,0.216594,A6NMS3,ordered
VAL,124,97.24,0.0,A6NMS3,ordered
ALA,125,95.16,0.324779,A6NMS3,ordered
ILE,126,94.48,0.13022,A6NMS3,ordered
CYS,127,95.61,0.209286,A6NMS3,ordered
HIS,128,95.49,0.324742,A6NMS3,ordered
PRO,129,93.55,0.571329,A6NMS3,ordered
LEU,130,95.5,0.975556,A6NMS3,ordered
GLN,131,95.78,0.531217,A6NMS3,ordered
TYR,132,96.31,0.157642,A6NMS3,ordered
HIS,133,93.15,0.793299,A6NMS3,ordered
THR,134,94.13,0.773973,A6NMS3,ordered
MET,135,95.5,0.277451,A6NMS3,ordered
MET,136,96.24,0.030882,A6NMS3,ordered
SER,137,93.66,0.321311,A6NMS3,ordered
LYS,138,91.03,0.569194,A6NMS3,ordered
THR,139,94.18,0.55411,A6NMS3,ordered
LEU,140,95.74,0.293333,A6NMS3,ordered
CYS,141,95.7,0.001429,A6NMS3,ordered
ILE,142,94.71,0.556593,A6NMS3,ordered
ARG,143,97.78,0.716598,A6NMS3,ordered
MET,144,98.08,0.245098,A6NMS3,ordered
THR,145,97.82,0.086301,A6NMS3,ordered
THR,146,98.05,0.428767,A6NMS3,ordered
GLY,147,98.33,0.42,A6NMS3,ordered
ALA,148,98.42,0.024779,A6NMS3,ordered
PHE,149,98.41,0.232569,A6NMS3,ordered
LYS,150,98.48,0.67109,A6NMS3,ordered
ALA,151,98.2,0.279646,A6NMS3,ordered
GLY,152,98.37,0.0,A6NMS3,ordered
ASN,153,98.22,0.31519,A6NMS3,ordered
LEU,154,98.05,0.591111,A6NMS3,ordered
HIS,155,98.0,0.080928,A6NMS3,ordered
SER,156,97.58,0.0,A6NMS3,ordered
MET,157,97.59,0.591176,A6NMS3,ordered
ILE,158,97.28,0.240659,A6NMS3,ordered
HIS,159,96.13,0.021134,A6NMS3,ordered
VAL,160,96.08,0.14375,A6NMS3,ordered
GLY,161,95.57,0.431765,A6NMS3,ordered
LEU,162,95.31,0.161111,A6NMS3,ordered
LEU,163,93.62,0.025,A6NMS3,ordered
LEU,164,92.35,0.681111,A6NMS3,ordered
ARG,165,93.86,0.412033,A6NMS3,ordered
LEU,166,93.59,0.068889,A6NMS3,ordered
THR,167,93.73,0.379452,A6NMS3,ordered
PHE,168,93.29,0.019725,A6NMS3,ordered
CYS,169,91.74,0.306429,A6NMS3,ordered
ARG,170,89.43,0.660996,A6NMS3,ordered
SER,171,90.58,0.368033,A6NMS3,ordered
ASN,172,91.1,0.394304,A6NMS3,ordered
LYS,173,91.07,0.500948,A6NMS3,ordered
ILE,174,89.64,0.002747,A6NMS3,ordered
HIS,175,86.72,0.641753,A6NMS3,ordered
HIS,176,90.04,0.018041,A6NMS3,ordered
PHE,177,89.5,0.019725,A6NMS3,ordered
PHE,178,90.6,0.011927,A6NMS3,ordered
CYS,179,91.15,0.007143,A6NMS3,ordered
ASP,180,88.69,0.144371,A6NMS3,ordered
ILE,181,87.66,0.068681,A6NMS3,ordered
LEU,182,88.69,0.448333,A6NMS3,ordered
PRO,183,88.49,0.19021,A6NMS3,ordered
LEU,184,90.37,0.005556,A6NMS3,ordered
TYR,185,90.91,0.002183,A6NMS3,ordered
ARG,186,90.04,0.685892,A6NMS3,ordered
LEU,187,91.6,0.081667,A6NMS3,ordered
SER,188,93.11,0.0,A6NMS3,ordered
CYS,189,94.12,0.422857,A6NMS3,ordered
THR,190,94.81,0.306849,A6NMS3,ordered
ASP,191,94.43,0.635762,A6NMS3,ordered
PRO,192,94.86,0.142657,A6NMS3,ordered
SER,193,94.82,0.508197,A6NMS3,ordered
ILE,194,95.23,0.49011,A6NMS3,ordered
ASN,195,94.75,0.0,A6NMS3,ordered
GLU,196,92.99,0.372678,A6NMS3,ordered
LEU,197,94.21,0.513889,A6NMS3,ordered
MET,198,95.29,0.227941,A6NMS3,ordered
ILE,199,91.86,0.172527,A6NMS3,ordered
TYR,200,91.43,0.557642,A6NMS3,ordered
ILE,201,95.28,0.46044,A6NMS3,ordered
PHE,202,94.41,0.328899,A6NMS3,ordered
SER,203,93.13,0.253279,A6NMS3,ordered
ILE,204,93.1,0.470879,A6NMS3,ordered
PRO,205,96.06,0.507692,A6NMS3,ordered
ILE,206,95.79,0.163736,A6NMS3,ordered
GLN,207,93.64,0.152381,A6NMS3,ordered
ILE,208,95.66,0.593956,A6NMS3,ordered
PHE,209,97.72,0.555963,A6NMS3,ordered
THR,210,97.42,0.0,A6NMS3,ordered
ILE,211,95.96,0.250549,A6NMS3,ordered
ALA,212,97.47,0.334513,A6NMS3,ordered
THR,213,98.02,0.235616,A6NMS3,ordered
VAL,214,96.63,0.051875,A6NMS3,ordered
LEU,215,96.58,0.608889,A6NMS3,ordered
ILE,216,98.11,0.581868,A6NMS3,ordered
SER,217,97.93,0.04918,A6NMS3,ordered
TYR,218,95.88,0.070742,A6NMS3,ordered
LEU,219,96.72,0.564444,A6NMS3,ordered
CYS,220,97.16,0.315,A6NMS3,ordered
ILE,221,96.19,0.036813,A6NMS3,ordered
LEU,222,94.71,0.381111,A6NMS3,ordered
LEU,223,95.83,0.516111,A6NMS3,ordered
THR,224,94.97,0.278082,A6NMS3,ordered
VAL,225,93.21,0.0125,A6NMS3,ordered
PHE,226,93.04,0.687615,A6NMS3,ordered
LYS,227,93.63,0.789573,A6NMS3,ordered
MET,228,92.37,0.264216,A6NMS3,ordered
LYS,229,90.97,0.950711,A6NMS3,ordered
SER,230,91.37,0.486885,A6NMS3,ordered
LYS,231,88.75,0.777251,A6NMS3,ordered
GLU,232,88.65,0.835519,A6NMS3,ordered
GLY,233,86.16,0.305882,A6NMS3,ordered
ARG,234,88.98,0.351867,A6NMS3,ordered
GLY,235,87.72,0.488235,A6NMS3,ordered
LYS,236,86.49,0.702844,A6NMS3,ordered
ALA,237,88.07,0.077876,A6NMS3,ordered
PHE,238,87.74,0.456881,A6NMS3,ordered
SER,239,84.79,0.736066,A6NMS3,ordered
THR,240,83.39,0.378767,A6NMS3,ordered
CYS,241,88.8,0.060714,A6NMS3,ordered
ALA,242,87.56,0.440708,A6NMS3,ordered
SER,243,87.05,0.189344,A6NMS3,ordered
HIS,244,90.43,0.001031,A6NMS3,ordered
PHE,245,89.84,0.461468,A6NMS3,ordered
LEU,246,89.23,0.428889,A6NMS3,ordered
SER,247,89.65,0.030328,A6NMS3,ordered
VAL,248,91.41,0.025625,A6NMS3,ordered
SER,249,89.69,0.256557,A6NMS3,ordered
ILE,250,87.98,0.276923,A6NMS3,ordered
PHE,251,89.15,0.05,A6NMS3,ordered
TYR,252,88.9,0.087773,A6NMS3,ordered
ILE,253,88.12,0.543956,A6NMS3,ordered
CYS,254,85.6,0.078571,A6NMS3,ordered
LEU,255,84.78,0.059444,A6NMS3,ordered
LEU,256,84.62,0.601111,A6NMS3,ordered
MET,257,82.62,0.519608,A6NMS3,ordered
TYR,258,77.68,0.208734,A6NMS3,ordered
ILE,259,75.16,0.564835,A6NMS3,ordered
GLY,260,69.33,0.278824,A6NMS3,intermediate
PRO,261,57.35,1.004895,A6NMS3,intermediate
SER,262,56.86,0.436885,A6NMS3,intermediate
GLU,263,48.74,0.827869,A6NMS3,intermediate
GLU,264,49.44,0.880874,A6NMS3,intermediate
GLY,265,51.6,0.384706,A6NMS3,intermediate
ASP,266,50.26,0.680132,A6NMS3,intermediate
LYS,267,48.9,0.668246,A6NMS3,intermediate
ASP,268,65.27,0.249007,A6NMS3,intermediate
THR,269,74.44,0.110274,A6NMS3,ordered
PRO,270,77.41,0.481818,A6NMS3,ordered
VAL,271,79.02,0.20125,A6NMS3,ordered
ALA,272,83.77,0.00354,A6NMS3,ordered
ILE,273,85.08,0.171978,A6NMS3,ordered
PHE,274,81.19,0.530734,A6NMS3,ordered
TYR,275,81.77,0.053275,A6NMS3,ordered
ALA,276,87.0,0.020354,A6NMS3,ordered
ILE,277,88.53,0.029121,A6NMS3,ordered
VAL,278,86.51,0.18625,A6NMS3,ordered
ILE,279,87.73,0.050549,A6NMS3,ordered
PRO,280,90.22,0.029371,A6NMS3,ordered
LEU,281,89.38,0.171667,A6NMS3,ordered
LEU,282,86.81,0.335,A6NMS3,ordered
ASN,283,87.07,0.063291,A6NMS3,ordered
PRO,284,78.63,0.076923,A6NMS3,ordered
PHE,285,79.87,0.41422,A6NMS3,ordered
ILE,286,81.2,0.102747,A6NMS3,ordered
TYR,287,74.26,0.037991,A6NMS3,ordered
SER,288,66.81,0.106557,A6NMS3,intermediate
LEU,289,57.73,0.582222,A6NMS3,intermediate
ARG,290,61.53,0.732365,A6NMS3,intermediate
ASN,291,65.67,0.3,A6NMS3,intermediate
LYS,292,67.08,0.766351,A6NMS3,intermediate
GLU,293,65.72,0.563934,A6NMS3,intermediate
VAL,294,65.48,0.008125,A6NMS3,intermediate
ILE,295,72.3,0.267582,A6NMS3,ordered
ASN,296,76.79,0.607595,A6NMS3,ordered
VAL,297,73.13,0.06625,A6NMS3,ordered
LEU,298,74.13,0.402778,A6NMS3,ordered
LYS,299,77.81,0.610427,A6NMS3,ordered
LYS,300,75.85,0.405213,A6NMS3,ordered
ILE,301,74.55,0.47033,A6NMS3,ordered
MET,302,75.06,0.605392,A6NMS3,ordered
ARG,303,76.63,0.619917,A6NMS3,ordered
ASN,304,76.96,0.428481,A6NMS3,ordered
TYR,305,69.76,0.636681,A6NMS3,intermediate
ASN,306,75.05,0.568987,A6NMS3,ordered
ILE,307,73.8,0.482967,A6NMS3,ordered
LEU,308,63.93,0.666111,A6NMS3,intermediate
LYS,309,70.84,0.622749,A6NMS3,ordered
GLN,310,73.87,0.653968,A6NMS3,ordered
THR,311,73.29,0.527397,A6NMS3,ordered
CYS,312,67.86,0.51,A6NMS3,intermediate
SER,313,69.51,0.581967,A6NMS3,intermediate
ILE,314,70.81,0.504396,A6NMS3,ordered
ALA,315,65.62,0.420354,A6NMS3,intermediate
ASN,316,65.84,0.525949,A6NMS3,intermediate
LEU,317,67.11,0.632778,A6NMS3,intermediate
PHE,318,66.7,0.713303,A6NMS3,intermediate
LEU,319,63.45,0.821111,A6NMS3,intermediate
ILE,320,61.85,0.753297,A6NMS3,intermediate
TYR,321,55.85,1.058079,A6NMS3,intermediate
