aa,pos,plddt,rsa,uniprot_id,location
MET,1,53.51,1.188235,H3BQW9,intermediate
LEU,2,68.02,0.944444,H3BQW9,intermediate
PRO,3,72.86,0.846154,H3BQW9,intermediate
SER,4,55.37,0.979508,H3BQW9,intermediate
SER,5,56.53,0.948361,H3BQW9,intermediate
THR,6,66.57,0.847945,H3BQW9,intermediate
PRO,7,61.77,0.86014,H3BQW9,intermediate
GLY,8,57.9,0.756471,H3BQW9,intermediate
PRO,9,59.69,0.917483,H3BQW9,intermediate
GLY,10,50.68,0.849412,H3BQW9,intermediate
HIS,11,57.3,0.957216,H3BQW9,intermediate
ALA,12,54.78,0.807965,H3BQW9,intermediate
THR,13,60.41,0.884932,H3BQW9,intermediate
GLU,14,56.94,0.959016,H3BQW9,intermediate
THR,15,62.22,0.835616,H3BQW9,intermediate
CYS,16,56.65,0.798571,H3BQW9,intermediate
PRO,17,74.11,0.823077,H3BQW9,intermediate
ALA,18,71.85,0.790265,H3BQW9,intermediate
PRO,19,68.04,0.786014,H3BQW9,intermediate
PRO,20,70.31,0.893007,H3BQW9,intermediate
GLY,21,69.41,0.690588,H3BQW9,intermediate
PRO,22,65.99,0.898601,H3BQW9,intermediate
GLU,23,58.78,0.887432,H3BQW9,intermediate
ARG,24,56.26,0.947718,H3BQW9,intermediate
SER,25,59.86,0.745902,H3BQW9,intermediate
PRO,26,60.59,0.851049,H3BQW9,intermediate
ALA,27,48.42,0.884956,H3BQW9,disordered
ALA,28,56.26,0.876991,H3BQW9,intermediate
ARG,29,49.61,0.983817,H3BQW9,disordered
ALA,30,54.5,0.745133,H3BQW9,intermediate
PRO,31,54.89,0.856643,H3BQW9,intermediate
ALA,32,47.63,0.937168,H3BQW9,disordered
ALA,33,53.43,0.825664,H3BQW9,intermediate
ALA,34,48.61,0.913274,H3BQW9,disordered
SER,35,54.32,0.851639,H3BQW9,intermediate
SER,36,53.29,0.916393,H3BQW9,intermediate
LEU,37,59.79,0.944444,H3BQW9,intermediate
GLY,38,61.03,0.617647,H3BQW9,intermediate
PRO,39,55.37,0.907692,H3BQW9,intermediate
VAL,40,56.59,0.76875,H3BQW9,intermediate
SER,41,50.16,0.902459,H3BQW9,intermediate
THR,42,54.09,0.852055,H3BQW9,intermediate
ALA,43,50.01,0.938938,H3BQW9,intermediate
GLY,44,44.0,0.809412,H3BQW9,disordered
ARG,45,54.96,0.838589,H3BQW9,intermediate
ALA,46,56.28,0.715044,H3BQW9,intermediate
PRO,47,60.1,0.871329,H3BQW9,intermediate
ARG,48,60.97,0.806224,H3BQW9,intermediate
GLY,49,54.8,0.892941,H3BQW9,intermediate
LEU,50,63.8,0.854444,H3BQW9,intermediate
ASP,51,68.06,0.750993,H3BQW9,intermediate
MET,52,69.35,0.848529,H3BQW9,intermediate
SER,53,68.1,0.840164,H3BQW9,intermediate
ALA,54,63.76,0.806195,H3BQW9,intermediate
GLN,55,67.09,0.853439,H3BQW9,intermediate
GLU,56,72.61,0.643716,H3BQW9,intermediate
PRO,57,72.88,0.608392,H3BQW9,intermediate
PRO,58,72.74,0.834266,H3BQW9,intermediate
GLN,59,72.39,0.780952,H3BQW9,intermediate
GLY,60,73.51,0.705882,H3BQW9,intermediate
ARG,61,76.04,0.857261,H3BQW9,intermediate
ARG,62,80.1,0.949793,H3BQW9,intermediate
PHE,63,74.14,0.763761,H3BQW9,intermediate
PRO,64,80.89,0.86993,H3BQW9,intermediate
ILE,65,74.26,0.860989,H3BQW9,intermediate
GLU,66,83.09,0.946448,H3BQW9,intermediate
ALA,67,79.1,0.792035,H3BQW9,intermediate
GLY,68,73.49,0.747059,H3BQW9,intermediate
ASP,69,72.09,1.054305,H3BQW9,intermediate
SER,70,64.94,0.803279,H3BQW9,intermediate
ARG,71,71.09,0.967635,H3BQW9,intermediate
GLY,72,59.68,0.828235,H3BQW9,intermediate
LEU,73,61.53,0.962778,H3BQW9,intermediate
ALA,74,60.66,0.939823,H3BQW9,intermediate
ALA,75,60.11,0.799115,H3BQW9,intermediate
ALA,76,65.18,0.692035,H3BQW9,intermediate
PRO,77,67.37,0.881119,H3BQW9,intermediate
GLU,78,60.61,0.929508,H3BQW9,intermediate
SER,79,60.47,0.885246,H3BQW9,intermediate
GLN,80,54.91,1.024339,H3BQW9,intermediate
ASP,81,51.78,0.901987,H3BQW9,intermediate
SER,82,48.52,0.690164,H3BQW9,disordered
PRO,83,54.4,0.98042,H3BQW9,intermediate
GLU,84,50.61,0.85847,H3BQW9,intermediate
ALA,85,49.84,0.719469,H3BQW9,disordered
VAL,86,48.46,0.88125,H3BQW9,disordered
ALA,87,51.04,0.768142,H3BQW9,intermediate
THR,88,50.19,0.791781,H3BQW9,intermediate
GLU,89,50.37,0.814208,H3BQW9,intermediate
HIS,90,56.3,0.757732,H3BQW9,intermediate
ASN,91,56.44,0.600633,H3BQW9,intermediate
PRO,92,55.8,0.746154,H3BQW9,intermediate
VAL,93,59.42,0.53375,H3BQW9,intermediate
ARG,94,65.55,0.870124,H3BQW9,intermediate
PRO,95,69.6,0.806993,H3BQW9,intermediate
LEU,96,67.35,0.708333,H3BQW9,intermediate
ARG,97,68.24,0.943983,H3BQW9,intermediate
ARG,98,68.94,0.807054,H3BQW9,intermediate
CYS,99,60.34,0.564286,H3BQW9,intermediate
PRO,100,65.91,0.953846,H3BQW9,intermediate
GLY,101,64.72,1.090588,H3BQW9,intermediate
CYS,102,55.98,0.322857,H3BQW9,intermediate
HIS,103,53.92,0.914948,H3BQW9,intermediate
CYS,104,47.48,0.622143,H3BQW9,disordered
LEU,105,53.53,0.575,H3BQW9,intermediate
THR,106,48.82,0.735616,H3BQW9,disordered
LEU,107,54.59,0.6,H3BQW9,intermediate
LEU,108,56.5,0.806667,H3BQW9,intermediate
HIS,109,62.79,1.056701,H3BQW9,intermediate
VAL,110,67.93,0.330625,H3BQW9,intermediate
PRO,111,78.58,0.518182,H3BQW9,intermediate
ILE,112,71.6,0.704945,H3BQW9,intermediate
ASP,113,75.12,0.643709,H3BQW9,intermediate
VAL,114,79.87,0.373125,H3BQW9,intermediate
TYR,115,74.75,0.249782,H3BQW9,intermediate
LEU,116,79.5,0.522778,H3BQW9,intermediate
ALA,117,83.13,0.80177,H3BQW9,intermediate
MET,118,80.9,0.665196,H3BQW9,intermediate
GLY,119,78.04,0.749412,H3BQW9,intermediate
GLY,120,74.2,0.208235,H3BQW9,intermediate
SER,121,68.65,0.556557,H3BQW9,intermediate
PRO,122,65.65,0.725175,H3BQW9,intermediate
ARG,123,66.25,0.9,H3BQW9,intermediate
ALA,124,60.27,0.811504,H3BQW9,intermediate
ARG,125,53.27,0.940664,H3BQW9,intermediate
ALA,126,54.84,0.807965,H3BQW9,intermediate
THR,127,49.11,1.358904,H3BQW9,disordered
