aa,pos,plddt,rsa,uniprot_id,location
MET,1,45.95,1.119608,O00321,disordered
ASP,2,48.49,0.868874,O00321,disordered
LEU,3,44.24,0.904444,O00321,disordered
TRP,4,49.41,0.638224,O00321,disordered
ASN,5,45.03,0.727215,O00321,disordered
TRP,6,49.73,0.766795,O00321,disordered
ASP,7,48.24,0.865563,O00321,disordered
GLU,8,39.53,0.865574,O00321,disordered
ALA,9,45.43,0.885841,O00321,disordered
SER,10,43.87,0.771311,O00321,disordered
PRO,11,50.38,0.841259,O00321,intermediate
GLN,12,49.33,0.891534,O00321,disordered
GLU,13,46.01,0.937158,O00321,disordered
VAL,14,54.92,0.81125,O00321,intermediate
PRO,15,63.7,0.767832,O00321,intermediate
PRO,16,52.16,0.911888,O00321,intermediate
GLY,17,44.27,0.903529,O00321,disordered
ASN,18,44.29,0.974684,O00321,disordered
LYS,19,46.06,0.917062,O00321,disordered
LEU,20,46.49,0.935,O00321,disordered
ALA,21,44.35,0.852212,O00321,disordered
GLY,22,43.27,0.865882,O00321,disordered
LEU,23,48.69,0.991111,O00321,disordered
GLU,24,43.08,0.999454,O00321,disordered
GLY,25,42.62,0.911765,O00321,disordered
ALA,26,46.08,0.915929,O00321,disordered
LYS,27,47.2,0.949763,O00321,disordered
LEU,28,45.92,0.926111,O00321,disordered
GLY,29,42.11,0.872941,O00321,disordered
PHE,30,37.69,0.925688,O00321,disordered
CYS,31,44.36,0.831429,O00321,disordered
PHE,32,43.72,0.852294,O00321,disordered
PRO,33,53.51,0.808392,O00321,intermediate
ASP,34,43.58,0.929139,O00321,disordered
LEU,35,50.52,0.902222,O00321,intermediate
ALA,36,43.27,0.800885,O00321,disordered
LEU,37,51.56,0.940556,O00321,intermediate
GLN,38,41.44,0.992593,O00321,disordered
GLY,39,51.24,0.804706,O00321,intermediate
ASP,40,48.86,1.02649,O00321,disordered
THR,41,51.19,0.9,O00321,intermediate
PRO,42,44.85,0.827273,O00321,disordered
THR,43,51.17,0.943836,O00321,intermediate
ALA,44,45.11,0.766372,O00321,disordered
THR,45,46.23,0.828082,O00321,disordered
ALA,46,48.36,0.773451,O00321,disordered
GLU,47,49.65,0.878142,O00321,disordered
THR,48,46.58,0.789041,O00321,disordered
CYS,49,39.91,0.666429,O00321,disordered
TRP,50,43.27,0.942471,O00321,disordered
LYS,51,38.1,0.900474,O00321,disordered
GLY,52,39.99,0.781176,O00321,disordered
THR,53,39.85,0.94726,O00321,disordered
SER,54,36.0,0.765574,O00321,disordered
SER,55,36.94,0.867213,O00321,disordered
SER,56,35.95,0.787705,O00321,disordered
LEU,57,33.38,0.920556,O00321,disordered
ALA,58,38.58,0.885841,O00321,disordered
SER,59,33.24,0.736066,O00321,disordered
PHE,60,41.18,0.943578,O00321,disordered
PRO,61,39.83,0.739161,O00321,disordered
GLN,62,34.39,0.909524,O00321,disordered
LEU,63,38.21,0.886111,O00321,disordered
ASP,64,35.28,0.828477,O00321,disordered
TRP,65,33.94,0.979537,O00321,disordered
GLY,66,33.59,0.601176,O00321,disordered
SER,67,32.89,0.997541,O00321,disordered
ALA,68,34.35,0.860177,O00321,disordered
LEU,69,40.2,0.953889,O00321,disordered
LEU,70,38.08,0.881111,O00321,disordered
HIS,71,44.74,0.929897,O00321,disordered
PRO,72,41.81,0.845455,O00321,disordered
GLU,73,34.45,0.973224,O00321,disordered
VAL,74,43.96,0.808125,O00321,disordered
PRO,75,41.28,0.671329,O00321,disordered
TRP,76,36.29,0.945946,O00321,disordered
GLY,77,33.76,0.787059,O00321,disordered
ALA,78,40.16,0.955752,O00321,disordered
GLU,79,40.8,0.825683,O00321,disordered
PRO,80,42.67,0.807692,O00321,disordered
ASP,81,36.05,0.743709,O00321,disordered
SER,82,40.6,0.858197,O00321,disordered
GLN,83,40.6,0.924868,O00321,disordered
ALA,84,35.15,0.762832,O00321,disordered
LEU,85,40.93,0.971111,O00321,disordered
PRO,86,40.36,0.770629,O00321,disordered
TRP,87,36.28,1.014286,O00321,disordered
SER,88,35.3,0.934426,O00321,disordered
GLY,89,45.74,0.801176,O00321,disordered
ASP,90,38.41,0.813245,O00321,disordered
TRP,91,37.33,0.969884,O00321,disordered
THR,92,43.77,0.809589,O00321,disordered
ASP,93,38.17,0.872848,O00321,disordered
MET,94,38.01,0.890686,O00321,disordered
ALA,95,40.54,0.79115,O00321,disordered
CYS,96,36.1,0.955714,O00321,disordered
THR,97,42.1,0.850685,O00321,disordered
ALA,98,34.22,0.930973,O00321,disordered
TRP,99,34.35,0.893436,O00321,disordered
ASP,100,33.67,0.860927,O00321,disordered
SER,101,37.97,0.964754,O00321,disordered
TRP,102,34.38,0.927799,O00321,disordered
SER,103,35.43,0.886066,O00321,disordered
GLY,104,32.34,0.894118,O00321,disordered
ALA,105,33.49,0.962832,O00321,disordered
SER,106,37.33,0.927049,O00321,disordered
GLN,107,40.56,0.920106,O00321,disordered
THR,108,36.2,0.609589,O00321,disordered
LEU,109,40.94,0.972778,O00321,disordered
GLY,110,40.07,0.804706,O00321,disordered
PRO,111,47.93,0.952448,O00321,disordered
ALA,112,46.74,0.822124,O00321,disordered
PRO,113,48.07,0.764336,O00321,disordered
LEU,114,46.19,1.004444,O00321,disordered
GLY,115,43.36,0.785882,O00321,disordered
PRO,116,54.93,1.015385,O00321,intermediate
GLY,117,47.49,0.790588,O00321,disordered
PRO,118,56.88,0.883217,O00321,intermediate
ILE,119,47.82,0.895604,O00321,disordered
PRO,120,55.75,0.808392,O00321,intermediate
ALA,121,46.42,0.927434,O00321,disordered
ALA,122,52.07,0.946903,O00321,intermediate
GLY,123,49.06,0.864706,O00321,disordered
SER,124,53.82,0.892623,O00321,intermediate
GLU,125,46.04,0.960109,O00321,disordered
GLY,126,47.23,0.829412,O00321,disordered
ALA,127,47.54,0.979646,O00321,disordered
ALA,128,47.31,0.966372,O00321,disordered
GLY,129,47.62,0.784706,O00321,disordered
GLN,130,55.07,0.914286,O00321,intermediate
ASN,131,45.33,0.814557,O00321,disordered
CYS,132,43.75,0.782857,O00321,disordered
VAL,133,47.97,0.783125,O00321,disordered
PRO,134,46.47,0.805594,O00321,disordered
VAL,135,45.43,0.849375,O00321,disordered
ALA,136,37.88,0.828319,O00321,disordered
GLY,137,41.76,0.922353,O00321,disordered
GLU,138,38.52,1.013661,O00321,disordered
ALA,139,34.0,0.797345,O00321,disordered
THR,140,45.06,0.908904,O00321,disordered
SER,141,32.45,0.869672,O00321,disordered
TRP,142,39.79,0.933205,O00321,disordered
SER,143,33.0,0.877049,O00321,disordered
ARG,144,29.84,0.961411,O00321,disordered
ALA,145,37.07,0.915044,O00321,disordered
GLN,146,37.06,0.986243,O00321,disordered
ALA,147,37.24,0.861062,O00321,disordered
ALA,148,38.76,0.99115,O00321,disordered
GLY,149,38.72,0.837647,O00321,disordered
SER,150,40.8,1.022131,O00321,disordered
ASN,151,35.61,0.855063,O00321,disordered
THR,152,42.47,0.689726,O00321,disordered
SER,153,31.93,0.893443,O00321,disordered
TRP,154,42.75,0.883012,O00321,disordered
ASP,155,34.23,0.749669,O00321,disordered
CYS,156,40.9,0.789286,O00321,disordered
SER,157,37.52,0.87377,O00321,disordered
VAL,158,50.53,0.8575,O00321,intermediate
GLY,159,43.98,0.792941,O00321,disordered
PRO,160,44.02,0.853147,O00321,disordered
ASP,161,46.49,1.096689,O00321,disordered
GLY,162,41.21,0.865882,O00321,disordered
ASP,163,38.08,0.980795,O00321,disordered
THR,164,53.15,0.84863,O00321,intermediate
TYR,165,38.96,0.831878,O00321,disordered
TRP,166,34.03,0.99305,O00321,disordered
GLY,167,37.38,0.564706,O00321,disordered
SER,168,36.21,1.063115,O00321,disordered
GLY,169,36.51,0.891765,O00321,disordered
LEU,170,40.2,1.03,O00321,disordered
GLY,171,40.44,0.990588,O00321,disordered
GLY,172,38.19,0.963529,O00321,disordered
GLU,173,42.43,0.942077,O00321,disordered
PRO,174,40.51,0.644056,O00321,disordered
ARG,175,35.23,0.889627,O00321,disordered
THR,176,41.94,0.656164,O00321,disordered
ASP,177,31.83,0.941722,O00321,disordered
CYS,178,37.4,0.908571,O00321,disordered
THR,179,36.48,0.850685,O00321,disordered
ILE,180,39.07,0.830769,O00321,disordered
SER,181,35.94,0.771311,O00321,disordered
TRP,182,35.84,0.976062,O00321,disordered
GLY,183,36.69,0.744706,O00321,disordered
GLY,184,37.04,0.96,O00321,disordered
PRO,185,47.6,0.857343,O00321,disordered
ALA,186,43.83,0.921239,O00321,disordered
GLY,187,48.12,0.856471,O00321,disordered
PRO,188,56.85,0.795105,O00321,intermediate
ASP,189,41.14,0.909934,O00321,disordered
CYS,190,41.73,0.965,O00321,disordered
THR,191,39.95,0.84589,O00321,disordered
THR,192,39.68,0.90274,O00321,disordered
SER,193,34.91,0.819672,O00321,disordered
TRP,194,33.86,0.933205,O00321,disordered
ASN,195,36.87,0.93481,O00321,disordered
PRO,196,41.1,0.901399,O00321,disordered
GLY,197,37.42,0.904706,O00321,disordered
LEU,198,39.03,0.926111,O00321,disordered
HIS,199,39.74,0.968041,O00321,disordered
ALA,200,42.9,0.913274,O00321,disordered
GLY,201,40.15,0.952941,O00321,disordered
GLY,202,40.33,0.915294,O00321,disordered
THR,203,41.61,0.905479,O00321,disordered
THR,204,50.45,0.885616,O00321,intermediate
SER,205,46.01,0.851639,O00321,disordered
LEU,206,55.75,0.721667,O00321,intermediate
LYS,207,44.48,0.740284,O00321,disordered
ARG,208,42.82,0.778423,O00321,disordered
TYR,209,46.24,0.893886,O00321,disordered
GLN,210,47.06,0.919048,O00321,disordered
SER,211,43.49,0.733607,O00321,disordered
SER,212,49.94,0.782787,O00321,disordered
ALA,213,41.13,0.79115,O00321,disordered
LEU,214,45.51,0.947778,O00321,disordered
THR,215,41.95,0.908904,O00321,disordered
VAL,216,38.84,0.789375,O00321,disordered
CYS,217,39.01,0.916429,O00321,disordered
SER,218,44.05,0.828689,O00321,disordered
GLU,219,34.25,0.855191,O00321,disordered
PRO,220,41.13,0.888811,O00321,disordered
SER,221,35.32,0.690984,O00321,disordered
PRO,222,43.27,0.706294,O00321,disordered
GLN,223,36.52,0.86455,O00321,disordered
SER,224,44.31,0.968033,O00321,intermediate
ASP,225,40.85,0.943046,O00321,intermediate
ARG,226,48.81,0.980498,O00321,intermediate
ALA,227,39.94,0.834513,O00321,intermediate
SER,228,39.95,0.928689,O00321,intermediate
LEU,229,47.72,0.902778,O00321,intermediate
ALA,230,42.56,0.815044,O00321,intermediate
ARG,231,41.32,0.891286,O00321,intermediate
CYS,232,42.11,0.744286,O00321,intermediate
PRO,233,48.13,0.815385,O00321,intermediate
LYS,234,50.39,0.827488,O00321,intermediate
THR,235,56.3,0.518493,O00321,intermediate
ASN,236,51.55,0.927848,O00321,intermediate
HIS,237,58.07,0.37732,O00321,intermediate
ARG,238,66.21,1.001245,O00321,intermediate
GLY,239,82.87,0.498824,O00321,ordered
PRO,240,88.89,0.832168,O00321,ordered
ILE,241,92.79,0.078022,O00321,ordered
GLN,242,93.91,0.45291,O00321,ordered
LEU,243,95.67,0.060556,O00321,ordered
TRP,244,94.87,0.158301,O00321,ordered
GLN,245,94.43,0.260317,O00321,ordered
PHE,246,94.87,0.008257,O00321,ordered
LEU,247,95.4,0.0,O00321,ordered
LEU,248,93.16,0.073889,O00321,ordered
GLU,249,92.85,0.230601,O00321,ordered
LEU,250,93.78,0.006667,O00321,ordered
LEU,251,93.05,0.091667,O00321,ordered
HIS,252,89.42,0.682474,O00321,ordered
ASP,253,88.55,0.358278,O00321,ordered
GLY,254,81.53,0.677647,O00321,ordered
ALA,255,83.53,0.783186,O00321,ordered
ARG,256,83.5,0.221992,O00321,ordered
SER,257,85.08,0.440164,O00321,ordered
SER,258,90.68,0.741803,O00321,ordered
CYS,259,93.86,0.042143,O00321,ordered
ILE,260,95.63,0.013736,O00321,ordered
ARG,261,94.13,0.521162,O00321,ordered
TRP,262,94.19,0.290734,O00321,ordered
THR,263,91.33,0.359589,O00321,ordered
GLY,264,82.74,0.807059,O00321,ordered
ASN,265,77.34,0.517089,O00321,ordered
SER,266,77.97,0.581148,O00321,ordered
ARG,267,89.69,0.082988,O00321,ordered
GLU,268,94.39,0.04153,O00321,ordered
PHE,269,94.89,0.0,O00321,ordered
GLN,270,95.4,0.349735,O00321,ordered
LEU,271,96.24,0.013333,O00321,ordered
CYS,272,95.54,0.468571,O00321,ordered
ASP,273,96.27,0.369536,O00321,ordered
PRO,274,96.18,0.131469,O00321,ordered
LYS,275,96.49,0.787678,O00321,ordered
GLU,276,96.39,0.293989,O00321,ordered
VAL,277,96.7,0.0,O00321,ordered
ALA,278,96.94,0.010619,O00321,ordered
ARG,279,96.2,0.481743,O00321,ordered
LEU,280,95.52,0.177222,O00321,ordered
TRP,281,96.01,0.091892,O00321,ordered
GLY,282,95.83,0.050588,O00321,ordered
GLU,283,94.49,0.500546,O00321,ordered
ARG,284,93.7,0.397925,O00321,ordered
LYS,285,92.75,0.27346,O00321,ordered
ARG,286,92.38,0.777593,O00321,ordered
LYS,287,92.66,0.36019,O00321,ordered
PRO,288,91.56,0.934266,O00321,ordered
GLY,289,93.7,0.603529,O00321,ordered
MET,290,95.45,0.208333,O00321,ordered
ASN,291,97.23,0.411392,O00321,ordered
TYR,292,97.67,0.166376,O00321,ordered
GLU,293,96.73,0.661749,O00321,ordered
LYS,294,96.45,0.575829,O00321,ordered
LEU,295,97.19,0.004444,O00321,ordered
SER,296,96.82,0.207377,O00321,ordered
ARG,297,96.59,0.445228,O00321,ordered
GLY,298,95.43,0.221176,O00321,ordered
LEU,299,96.41,0.001111,O00321,ordered
ARG,300,96.02,0.673444,O00321,ordered
TYR,301,96.24,0.618777,O00321,ordered
TYR,302,96.46,0.109607,O00321,ordered
TYR,303,95.14,0.379476,O00321,ordered
ARG,304,93.08,0.966805,O00321,ordered
ARG,305,93.5,0.543983,O00321,ordered
ASP,306,92.96,0.192715,O00321,ordered
ILE,307,93.74,0.052747,O00321,ordered
VAL,308,95.14,0.0,O00321,ordered
ARG,309,94.44,0.592531,O00321,ordered
LYS,310,94.52,0.397156,O00321,ordered
SER,311,92.8,0.135246,O00321,ordered
GLY,312,87.68,0.743529,O00321,ordered
GLY,313,86.55,1.137647,O00321,ordered
ARG,314,91.45,0.56888,O00321,ordered
LYS,315,94.6,0.781991,O00321,ordered
TYR,316,96.29,0.4,O00321,ordered
THR,317,95.74,0.005479,O00321,ordered
TYR,318,96.19,0.047162,O00321,ordered
ARG,319,94.27,0.443154,O00321,ordered
PHE,320,94.72,0.030734,O00321,ordered
GLY,321,91.85,0.036471,O00321,ordered
GLY,322,86.09,0.468235,O00321,ordered
ARG,323,86.1,0.641079,O00321,ordered
VAL,324,85.68,0.00625,O00321,ordered
PRO,325,74.33,0.837762,O00321,ordered
SER,326,69.7,0.654098,O00321,intermediate
LEU,327,71.03,0.111111,O00321,ordered
ALA,328,62.06,0.687611,O00321,intermediate
TYR,329,56.64,0.655022,O00321,intermediate
PRO,330,58.42,0.436364,O00321,intermediate
ASP,331,53.23,0.9,O00321,intermediate
CYS,332,47.4,0.811429,O00321,intermediate
ALA,333,48.54,0.877876,O00321,intermediate
GLY,334,45.05,0.957647,O00321,intermediate
GLY,335,45.46,0.905882,O00321,intermediate
GLY,336,41.9,0.988235,O00321,intermediate
ARG,337,50.62,0.999585,O00321,intermediate
GLY,338,42.54,0.961176,O00321,intermediate
ALA,339,46.44,0.911504,O00321,intermediate
GLU,340,57.21,1.020765,O00321,intermediate
THR,341,70.08,0.85137,O00321,ordered
GLN,342,64.8,1.3,O00321,intermediate
