aa,pos,plddt,rsa,uniprot_id,location
MET,1,50.62,1.167647,O75444,intermediate
ALA,2,35.19,0.80531,O75444,disordered
SER,3,40.38,0.904918,O75444,disordered
GLU,4,40.19,0.824044,O75444,disordered
LEU,5,43.67,0.836111,O75444,disordered
ALA,6,43.09,0.776106,O75444,disordered
MET,7,42.35,0.901471,O75444,disordered
SER,8,39.87,0.965574,O75444,disordered
ASN,9,44.74,0.982278,O75444,disordered
SER,10,41.77,0.827869,O75444,disordered
ASP,11,43.64,1.0,O75444,disordered
LEU,12,50.68,0.92,O75444,intermediate
PRO,13,48.39,0.853147,O75444,disordered
THR,14,44.15,0.864384,O75444,disordered
SER,15,41.49,0.747541,O75444,disordered
PRO,16,48.8,0.709091,O75444,disordered
LEU,17,44.25,0.88,O75444,disordered
ALA,18,50.53,0.69292,O75444,intermediate
MET,19,52.3,0.67402,O75444,intermediate
GLU,20,54.36,0.725137,O75444,intermediate
TYR,21,49.88,0.962009,O75444,disordered
VAL,22,55.89,0.68625,O75444,intermediate
ASN,23,53.59,0.781013,O75444,intermediate
ASP,24,53.82,0.90596,O75444,intermediate
PHE,25,52.59,0.711009,O75444,intermediate
ASP,26,56.07,0.564238,O75444,intermediate
LEU,27,58.77,0.706111,O75444,intermediate
MET,28,58.36,0.921078,O75444,intermediate
LYS,29,58.79,0.741232,O75444,intermediate
PHE,30,45.25,0.694954,O75444,disordered
GLU,31,45.23,0.96776,O75444,disordered
VAL,32,51.67,0.823125,O75444,intermediate
LYS,33,53.43,0.804265,O75444,intermediate
LYS,34,50.16,0.867299,O75444,intermediate
GLU,35,42.19,0.703825,O75444,disordered
PRO,36,45.09,0.755944,O75444,disordered
VAL,37,40.13,0.793125,O75444,disordered
GLU,38,45.84,0.981421,O75444,disordered
THR,39,37.96,0.732877,O75444,disordered
ASP,40,37.14,0.87947,O75444,disordered
ARG,41,46.84,0.859336,O75444,disordered
ILE,42,41.55,0.72967,O75444,disordered
ILE,43,42.51,0.823626,O75444,disordered
SER,44,36.14,0.877049,O75444,disordered
GLN,45,41.22,0.971429,O75444,disordered
CYS,46,31.92,0.984286,O75444,disordered
GLY,47,37.91,0.832941,O75444,disordered
ARG,48,34.56,0.908299,O75444,disordered
LEU,49,38.84,0.850556,O75444,disordered
ILE,50,36.02,0.771429,O75444,disordered
ALA,51,33.96,0.858407,O75444,disordered
GLY,52,35.3,0.988235,O75444,disordered
GLY,53,31.13,0.817647,O75444,disordered
SER,54,34.68,0.946721,O75444,disordered
LEU,55,40.77,0.916111,O75444,disordered
SER,56,36.24,0.821311,O75444,disordered
SER,57,40.74,0.929508,O75444,disordered
THR,58,45.78,0.860274,O75444,disordered
PRO,59,48.6,0.682517,O75444,disordered
MET,60,39.28,0.844608,O75444,disordered
SER,61,42.32,0.831148,O75444,disordered
THR,62,42.96,0.867123,O75444,disordered
PRO,63,45.45,0.753147,O75444,disordered
CYS,64,32.42,0.821429,O75444,disordered
SER,65,32.51,0.87459,O75444,disordered
SER,66,40.98,0.832787,O75444,disordered
VAL,67,39.21,0.804375,O75444,disordered
PRO,68,46.32,0.757343,O75444,disordered
PRO,69,44.94,0.853846,O75444,disordered
SER,70,36.02,0.791803,O75444,disordered
PRO,71,45.75,0.958042,O75444,disordered
SER,72,34.56,0.809836,O75444,disordered
PHE,73,34.98,0.909633,O75444,disordered
SER,74,36.73,0.8,O75444,disordered
ALA,75,34.48,0.841593,O75444,disordered
PRO,76,43.3,0.9,O75444,disordered
SER,77,35.72,0.870492,O75444,disordered
PRO,78,41.05,0.855944,O75444,disordered
GLY,79,35.11,0.957647,O75444,disordered
SER,80,33.2,1.018033,O75444,disordered
GLY,81,34.96,0.755294,O75444,disordered
SER,82,34.91,0.933607,O75444,disordered
GLU,83,41.0,0.95847,O75444,disordered
GLN,84,32.79,1.018519,O75444,disordered
LYS,85,35.72,0.910427,O75444,disordered
ALA,86,44.84,0.650442,O75444,disordered
HIS,87,40.74,0.851031,O75444,disordered
LEU,88,44.74,0.792778,O75444,disordered
GLU,89,51.6,0.803825,O75444,intermediate
ASP,90,54.21,0.848344,O75444,intermediate
TYR,91,52.5,0.628384,O75444,intermediate
TYR,92,53.16,0.812227,O75444,intermediate
TRP,93,66.0,0.720463,O75444,intermediate
MET,94,52.57,0.57549,O75444,intermediate
THR,95,60.25,0.705479,O75444,intermediate
GLY,96,48.14,0.690588,O75444,disordered
TYR,97,43.46,0.873799,O75444,disordered
PRO,98,44.09,0.794406,O75444,disordered
GLN,99,36.52,0.953968,O75444,disordered
GLN,100,38.76,0.912698,O75444,disordered
LEU,101,38.79,0.947222,O75444,disordered
ASN,102,37.41,0.532278,O75444,disordered
PRO,103,48.53,0.826573,O75444,disordered
GLU,104,42.66,0.803279,O75444,disordered
ALA,105,45.16,0.686726,O75444,disordered
LEU,106,49.11,0.8,O75444,disordered
GLY,107,47.21,0.835294,O75444,disordered
PHE,108,52.78,0.775229,O75444,intermediate
SER,109,65.74,0.405738,O75444,intermediate
PRO,110,67.62,0.646853,O75444,intermediate
GLU,111,75.18,0.622951,O75444,intermediate
ASP,112,72.59,0.500662,O75444,intermediate
ALA,113,68.85,0.520354,O75444,intermediate
VAL,114,76.56,0.455625,O75444,intermediate
GLU,115,71.17,0.689071,O75444,intermediate
ALA,116,68.81,0.552212,O75444,intermediate
LEU,117,74.06,0.642222,O75444,intermediate
ILE,118,69.25,0.426374,O75444,intermediate
SER,119,62.13,0.527869,O75444,intermediate
ASN,120,54.6,0.606962,O75444,intermediate
SER,121,51.12,0.360656,O75444,intermediate
HIS,122,48.76,0.602062,O75444,disordered
GLN,123,47.45,0.84127,O75444,disordered
LEU,124,43.05,0.682778,O75444,disordered
GLN,125,37.21,0.591534,O75444,disordered
GLY,126,36.09,0.976471,O75444,disordered
GLY,127,35.59,0.721176,O75444,disordered
PHE,128,35.6,0.79633,O75444,disordered
ASP,129,42.74,0.782119,O75444,disordered
GLY,130,42.05,0.629412,O75444,disordered
TYR,131,42.91,0.862009,O75444,disordered
ALA,132,45.04,0.746903,O75444,disordered
ARG,133,45.25,0.717842,O75444,disordered
GLY,134,41.7,0.395294,O75444,disordered
ALA,135,46.89,0.672566,O75444,disordered
GLN,136,45.68,0.8,O75444,disordered
GLN,137,46.12,0.6,O75444,disordered
LEU,138,41.23,0.749444,O75444,disordered
ALA,139,44.88,0.776991,O75444,disordered
ALA,140,44.09,0.768142,O75444,disordered
ALA,141,39.26,0.539823,O75444,disordered
ALA,142,38.5,0.887611,O75444,disordered
GLY,143,35.09,0.710588,O75444,disordered
ALA,144,39.41,0.934513,O75444,disordered
GLY,145,32.72,0.808235,O75444,disordered
ALA,146,36.23,1.015929,O75444,disordered
GLY,147,32.27,0.890588,O75444,disordered
ALA,148,37.98,0.90531,O75444,disordered
SER,149,31.57,0.860656,O75444,disordered
LEU,150,41.93,0.967778,O75444,disordered
GLY,151,32.54,0.967059,O75444,disordered
GLY,152,38.78,1.001176,O75444,disordered
SER,153,40.13,1.036066,O75444,disordered
GLY,154,46.88,0.858824,O75444,disordered
GLU,155,49.0,1.019126,O75444,disordered
GLU,156,50.61,0.940984,O75444,intermediate
MET,157,57.95,0.67598,O75444,intermediate
GLY,158,66.85,0.332941,O75444,intermediate
PRO,159,63.08,0.755944,O75444,intermediate
ALA,160,53.84,0.684071,O75444,intermediate
ALA,161,57.42,0.289381,O75444,intermediate
ALA,162,61.04,0.476991,O75444,intermediate
VAL,163,64.47,0.588125,O75444,intermediate
VAL,164,68.06,0.521875,O75444,intermediate
SER,165,64.09,0.519672,O75444,intermediate
ALA,166,65.42,0.529204,O75444,intermediate
VAL,167,67.62,0.5875,O75444,intermediate
ILE,168,66.47,0.597802,O75444,intermediate
ALA,169,65.89,0.535398,O75444,intermediate
ALA,170,58.86,0.438053,O75444,intermediate
ALA,171,54.72,0.429204,O75444,intermediate
ALA,172,54.87,0.497345,O75444,intermediate
ALA,173,57.41,0.752212,O75444,intermediate
GLN,174,58.06,0.857143,O75444,intermediate
SER,175,46.77,0.829508,O75444,disordered
GLY,176,40.93,0.538824,O75444,disordered
ALA,177,38.8,0.957522,O75444,disordered
GLY,178,44.89,0.502353,O75444,disordered
PRO,179,43.21,0.775524,O75444,disordered
HIS,180,39.86,0.838144,O75444,disordered
TYR,181,39.4,0.900437,O75444,disordered
HIS,182,43.35,0.830412,O75444,disordered
HIS,183,41.19,0.916495,O75444,disordered
HIS,184,41.83,0.826804,O75444,disordered
HIS,185,42.32,0.813402,O75444,disordered
HIS,186,39.41,0.799485,O75444,disordered
HIS,187,45.09,0.834536,O75444,disordered
ALA,188,40.1,0.918584,O75444,disordered
ALA,189,46.41,0.917699,O75444,disordered
GLY,190,42.7,0.942353,O75444,disordered
HIS,191,40.12,0.912371,O75444,disordered
HIS,192,45.64,0.848454,O75444,disordered
HIS,193,44.41,0.902062,O75444,disordered
HIS,194,36.15,0.85567,O75444,disordered
PRO,195,46.59,0.706294,O75444,disordered
THR,196,42.69,0.802055,O75444,disordered
ALA,197,47.13,0.89823,O75444,disordered
GLY,198,42.47,0.996471,O75444,disordered
ALA,199,43.58,0.889381,O75444,disordered
PRO,200,46.63,0.940559,O75444,disordered
GLY,201,42.71,0.958824,O75444,disordered
ALA,202,43.75,0.886726,O75444,disordered
ALA,203,44.72,0.99292,O75444,disordered
GLY,204,39.37,0.837647,O75444,disordered
SER,205,44.74,0.897541,O75444,disordered
ALA,206,42.12,0.919469,O75444,disordered
ALA,207,43.33,0.865487,O75444,disordered
ALA,208,42.79,0.811504,O75444,disordered
SER,209,45.66,0.969672,O75444,disordered
ALA,210,47.47,0.972566,O75444,disordered
GLY,211,42.52,0.982353,O75444,disordered
GLY,212,43.07,0.998824,O75444,disordered
ALA,213,50.22,1.017699,O75444,intermediate
GLY,214,46.09,0.92,O75444,disordered
GLY,215,46.61,0.943529,O75444,disordered
ALA,216,52.79,0.952212,O75444,intermediate
GLY,217,47.63,1.071765,O75444,disordered
GLY,218,45.09,0.987059,O75444,disordered
GLY,219,46.0,1.092941,O75444,disordered
GLY,220,43.08,0.914118,O75444,disordered
PRO,221,63.71,0.925175,O75444,intermediate
ALA,222,52.02,0.909735,O75444,intermediate
SER,223,54.64,0.872951,O75444,intermediate
ALA,224,53.86,0.979646,O75444,intermediate
GLY,225,46.06,0.937647,O75444,disordered
GLY,226,44.69,1.054118,O75444,disordered
GLY,227,44.81,1.037647,O75444,disordered
GLY,228,40.66,1.043529,O75444,disordered
GLY,229,42.3,0.932941,O75444,disordered
GLY,230,40.87,1.018824,O75444,disordered
GLY,231,38.26,1.048235,O75444,disordered
GLY,232,40.63,1.007059,O75444,disordered
GLY,233,38.09,0.998824,O75444,disordered
GLY,234,36.36,0.967059,O75444,disordered
GLY,235,38.23,1.015294,O75444,disordered
GLY,236,37.31,0.970588,O75444,disordered
GLY,237,40.24,1.041176,O75444,disordered
GLY,238,41.17,0.921176,O75444,disordered
ALA,239,45.69,0.962832,O75444,disordered
ALA,240,45.67,0.924779,O75444,disordered
GLY,241,46.95,0.922353,O75444,disordered
ALA,242,45.75,0.962832,O75444,disordered
GLY,243,40.5,0.916471,O75444,disordered
GLY,244,35.57,0.987059,O75444,disordered
ALA,245,42.15,0.797345,O75444,intermediate
LEU,246,38.13,0.838889,O75444,intermediate
HIS,247,49.6,0.725773,O75444,intermediate
PRO,248,40.02,0.891608,O75444,intermediate
HIS,249,43.86,0.678351,O75444,intermediate
HIS,250,44.87,0.739691,O75444,intermediate
ALA,251,37.94,1.054867,O75444,intermediate
ALA,252,40.61,0.60708,O75444,intermediate
GLY,253,37.34,1.004706,O75444,intermediate
GLY,254,41.92,0.708235,O75444,intermediate
LEU,255,47.79,0.960556,O75444,intermediate
HIS,256,60.37,0.489175,O75444,intermediate
PHE,257,64.81,0.104587,O75444,intermediate
ASP,258,65.81,0.108609,O75444,intermediate
ASP,259,74.46,0.776159,O75444,ordered
ARG,260,83.03,0.699585,O75444,ordered
PHE,261,88.23,0.08945,O75444,ordered
SER,262,93.93,0.538525,O75444,ordered
ASP,263,95.59,0.413245,O75444,ordered
GLU,264,96.32,0.751366,O75444,ordered
GLN,265,97.02,0.408995,O75444,ordered
LEU,266,96.44,0.0,O75444,ordered
VAL,267,97.2,0.323125,O75444,ordered
THR,268,97.27,0.703425,O75444,ordered
MET,269,95.87,0.04902,O75444,ordered
SER,270,97.6,0.461475,O75444,ordered
VAL,271,97.65,0.641875,O75444,ordered
ARG,272,97.74,0.821992,O75444,ordered
GLU,273,97.08,0.294536,O75444,ordered
LEU,274,96.39,0.059444,O75444,ordered
ASN,275,95.76,0.492405,O75444,ordered
ARG,276,95.58,0.575934,O75444,ordered
GLN,277,92.76,0.356614,O75444,ordered
LEU,278,93.59,0.098889,O75444,ordered
ARG,279,93.78,0.803734,O75444,ordered
GLY,280,92.06,1.082353,O75444,ordered
VAL,281,91.21,0.173125,O75444,ordered
SER,282,94.24,0.401639,O75444,ordered
LYS,283,94.89,0.688152,O75444,ordered
GLU,284,94.13,0.59071,O75444,ordered
GLU,285,92.2,0.239344,O75444,ordered
VAL,286,94.35,0.1725,O75444,ordered
ILE,287,94.55,0.52967,O75444,ordered
ARG,288,93.69,0.398755,O75444,ordered
LEU,289,94.23,0.005,O75444,ordered
LYS,290,95.09,0.49763,O75444,ordered
GLN,291,96.36,0.512169,O75444,ordered
LYS,292,95.8,0.243128,O75444,ordered
ARG,293,96.93,0.122822,O75444,ordered
ARG,294,97.81,0.644813,O75444,ordered
THR,295,98.13,0.554795,O75444,ordered
LEU,296,97.82,0.127222,O75444,ordered
LYS,297,98.37,0.364455,O75444,ordered
ASN,298,98.4,0.512658,O75444,ordered
ARG,299,98.29,0.637344,O75444,ordered
GLY,300,97.97,0.309412,O75444,ordered
TYR,301,98.6,0.574672,O75444,ordered
ALA,302,98.45,0.386726,O75444,ordered
GLN,303,98.52,0.630688,O75444,ordered
SER,304,98.47,0.521311,O75444,ordered
CYS,305,98.69,0.484286,O75444,ordered
ARG,306,98.56,0.712033,O75444,ordered
PHE,307,98.62,0.633945,O75444,ordered
LYS,308,98.67,0.688152,O75444,ordered
ARG,309,98.64,0.69834,O75444,ordered
VAL,310,98.64,0.430625,O75444,ordered
GLN,311,98.62,0.520635,O75444,ordered
GLN,312,98.5,0.624339,O75444,ordered
ARG,313,98.57,0.49751,O75444,ordered
HIS,314,98.74,0.500515,O75444,ordered
VAL,315,98.54,0.4275,O75444,ordered
LEU,316,98.54,0.539444,O75444,ordered
GLU,317,98.62,0.408743,O75444,ordered
SER,318,98.43,0.534426,O75444,ordered
GLU,319,98.57,0.466667,O75444,ordered
LYS,320,98.55,0.496209,O75444,ordered
ASN,321,98.64,0.474684,O75444,ordered
GLN,322,98.71,0.567196,O75444,ordered
LEU,323,98.63,0.577778,O75444,ordered
LEU,324,98.53,0.489444,O75444,ordered
GLN,325,98.67,0.700529,O75444,ordered
GLN,326,98.44,0.474603,O75444,ordered
VAL,327,98.72,0.443125,O75444,ordered
ASP,328,98.63,0.442384,O75444,ordered
HIS,329,98.64,0.550515,O75444,ordered
LEU,330,98.64,0.574444,O75444,ordered
LYS,331,98.5,0.519431,O75444,ordered
GLN,332,98.58,0.641799,O75444,ordered
GLU,333,98.31,0.415847,O75444,ordered
ILE,334,98.44,0.575275,O75444,ordered
SER,335,98.59,0.528689,O75444,ordered
ARG,336,98.61,0.484232,O75444,ordered
LEU,337,98.31,0.571111,O75444,ordered
VAL,338,98.6,0.3325,O75444,ordered
ARG,339,98.24,0.670539,O75444,ordered
GLU,340,98.32,0.363388,O75444,ordered
ARG,341,98.33,0.573444,O75444,ordered
ASP,342,98.19,0.44702,O75444,ordered
ALA,343,98.04,0.387611,O75444,intermediate
TYR,344,97.76,0.679913,O75444,intermediate
LYS,345,97.47,0.541706,O75444,intermediate
GLU,346,96.56,0.546995,O75444,intermediate
LYS,347,95.29,0.550237,O75444,intermediate
TYR,348,95.49,0.647598,O75444,intermediate
GLU,349,94.68,0.44153,O75444,intermediate
LYS,350,93.16,0.546919,O75444,intermediate
LEU,351,93.29,0.703889,O75444,intermediate
VAL,352,92.7,0.38,O75444,intermediate
SER,353,89.82,0.583607,O75444,intermediate
SER,354,84.92,0.495902,O75444,intermediate
GLY,355,71.49,0.571765,O75444,intermediate
PHE,356,58.39,0.843119,O75444,intermediate
ARG,357,57.07,0.856846,O75444,intermediate
GLU,358,54.99,0.880874,O75444,intermediate
ASN,359,50.69,0.934177,O75444,intermediate
GLY,360,50.91,0.807059,O75444,intermediate
SER,361,48.5,0.784426,O75444,disordered
SER,362,47.6,0.943443,O75444,disordered
SER,363,48.49,0.868033,O75444,disordered
ASP,364,47.37,1.021854,O75444,disordered
ASN,365,49.31,0.911392,O75444,disordered
PRO,366,50.75,0.76993,O75444,intermediate
SER,367,52.56,0.845902,O75444,intermediate
SER,368,48.33,0.898361,O75444,disordered
PRO,369,61.88,0.797902,O75444,intermediate
GLU,370,52.2,0.85847,O75444,intermediate
PHE,371,55.72,0.938532,O75444,intermediate
PHE,372,53.49,0.866514,O75444,intermediate
MET,373,50.77,1.228922,O75444,intermediate
