aa,pos,plddt,rsa,uniprot_id,location
MET,1,41.74,1.197549,P09601,intermediate
GLU,2,56.43,0.856284,P09601,intermediate
ARG,3,59.7,0.888797,P09601,intermediate
PRO,4,53.32,0.891608,P09601,intermediate
GLN,5,54.24,0.487831,P09601,intermediate
PRO,6,49.08,0.665035,P09601,intermediate
ASP,7,60.35,0.88543,P09601,intermediate
SER,8,68.27,0.99918,P09601,intermediate
MET,9,66.81,0.302451,P09601,intermediate
PRO,10,76.51,0.265035,P09601,ordered
GLN,11,83.46,0.774603,P09601,ordered
ASP,12,94.28,0.42649,P09601,ordered
LEU,13,95.69,0.054444,P09601,ordered
SER,14,94.85,0.07377,P09601,ordered
GLU,15,94.99,0.547541,P09601,ordered
ALA,16,95.55,0.0,P09601,ordered
LEU,17,96.26,0.0,P09601,ordered
LYS,18,93.44,0.679621,P09601,ordered
GLU,19,94.88,0.584699,P09601,ordered
ALA,20,94.84,0.216814,P09601,ordered
THR,21,94.52,0.039726,P09601,ordered
LYS,22,94.41,0.6,P09601,ordered
GLU,23,95.55,0.716393,P09601,ordered
VAL,24,94.84,0.111875,P09601,ordered
HIS,25,91.95,0.262371,P09601,ordered
THR,26,94.79,0.471233,P09601,ordered
GLN,27,95.7,0.452381,P09601,ordered
ALA,28,93.51,0.09292,P09601,ordered
GLU,29,90.73,0.354645,P09601,ordered
ASN,30,94.59,0.539873,P09601,ordered
ALA,31,95.18,0.079646,P09601,ordered
GLU,32,97.26,0.492896,P09601,ordered
PHE,33,96.58,0.045872,P09601,ordered
MET,34,96.13,0.094608,P09601,ordered
ARG,35,96.3,0.414938,P09601,ordered
ASN,36,96.41,0.224051,P09601,ordered
PHE,37,95.77,0.033028,P09601,ordered
GLN,38,94.13,0.464021,P09601,ordered
LYS,39,96.29,0.688152,P09601,ordered
GLY,40,96.16,0.403529,P09601,ordered
GLN,41,96.42,0.613757,P09601,ordered
VAL,42,94.73,0.09,P09601,ordered
THR,43,96.1,0.497945,P09601,ordered
ARG,44,97.08,0.614938,P09601,ordered
ASP,45,97.24,0.666225,P09601,ordered
GLY,46,97.05,0.009412,P09601,ordered
PHE,47,97.97,0.002294,P09601,ordered
LYS,48,98.38,0.216588,P09601,ordered
LEU,49,98.16,0.146111,P09601,ordered
VAL,50,97.93,0.071875,P09601,ordered
MET,51,98.57,0.003431,P09601,ordered
ALA,52,98.7,0.0,P09601,ordered
SER,53,98.71,0.0,P09601,ordered
LEU,54,98.69,0.068333,P09601,ordered
TYR,55,98.85,0.138865,P09601,ordered
HIS,56,98.85,0.178351,P09601,ordered
ILE,57,98.83,0.003846,P09601,ordered
TYR,58,98.87,0.0,P09601,ordered
VAL,59,98.86,0.25125,P09601,ordered
ALA,60,98.91,0.019469,P09601,ordered
LEU,61,98.9,0.002778,P09601,ordered
GLU,62,98.9,0.062842,P09601,ordered
GLU,63,98.89,0.445355,P09601,ordered
GLU,64,98.91,0.001093,P09601,ordered
ILE,65,98.88,0.017582,P09601,ordered
GLU,66,98.85,0.359563,P09601,ordered
ARG,67,98.79,0.512448,P09601,ordered
ASN,68,98.73,0.091139,P09601,ordered
LYS,69,98.57,0.350237,P09601,ordered
GLU,70,98.45,0.906557,P09601,ordered
SER,71,98.15,0.268852,P09601,ordered
PRO,72,98.04,0.716783,P09601,ordered
VAL,73,98.29,0.25375,P09601,ordered
PHE,74,98.73,0.008257,P09601,ordered
ALA,75,98.56,0.334513,P09601,ordered
PRO,76,98.57,0.182517,P09601,ordered
VAL,77,98.68,0.020625,P09601,ordered
TYR,78,98.76,0.286463,P09601,ordered
PHE,79,98.82,0.161468,P09601,ordered
PRO,80,98.61,0.236364,P09601,ordered
GLU,81,98.57,0.707104,P09601,ordered
GLU,82,98.7,0.27377,P09601,ordered
LEU,83,98.69,0.011667,P09601,ordered
HIS,84,98.72,0.232474,P09601,ordered
ARG,85,98.71,0.025311,P09601,ordered
LYS,86,98.78,0.357346,P09601,ordered
ALA,87,98.61,0.558407,P09601,ordered
ALA,88,98.62,0.137168,P09601,ordered
LEU,89,98.76,0.001111,P09601,ordered
GLU,90,98.76,0.300546,P09601,ordered
GLN,91,98.5,0.640212,P09601,ordered
ASP,92,98.6,0.009934,P09601,ordered
LEU,93,98.74,0.001667,P09601,ordered
ALA,94,98.49,0.378761,P09601,ordered
PHE,95,98.15,0.433486,P09601,ordered
TRP,96,98.26,0.110039,P09601,ordered
TYR,97,98.4,0.203493,P09601,ordered
GLY,98,98.13,0.212941,P09601,ordered
PRO,99,97.38,0.955245,P09601,ordered
ARG,100,97.82,0.641079,P09601,ordered
TRP,101,98.55,0.073745,P09601,ordered
GLN,102,97.99,0.730159,P09601,ordered
GLU,103,97.71,0.684153,P09601,ordered
VAL,104,97.94,0.49625,P09601,ordered
ILE,105,98.28,0.128022,P09601,ordered
PRO,106,98.1,0.246853,P09601,ordered
TYR,107,98.4,0.423144,P09601,ordered
THR,108,98.25,0.10274,P09601,ordered
PRO,109,98.64,0.524476,P09601,ordered
ALA,110,98.54,0.021239,P09601,ordered
MET,111,98.66,0.0,P09601,ordered
GLN,112,98.81,0.453968,P09601,ordered
ARG,113,98.83,0.43278,P09601,ordered
TYR,114,98.74,0.006114,P09601,ordered
VAL,115,98.92,0.08625,P09601,ordered
LYS,116,98.86,0.590047,P09601,ordered
ARG,117,98.88,0.213693,P09601,ordered
LEU,118,98.91,0.008333,P09601,ordered
HIS,119,98.91,0.190206,P09601,ordered
GLU,120,98.87,0.344809,P09601,ordered
VAL,121,98.88,0.0,P09601,ordered
GLY,122,98.77,0.029412,P09601,ordered
ARG,123,98.65,0.56639,P09601,ordered
THR,124,98.62,0.711644,P09601,ordered
GLU,125,98.62,0.243716,P09601,ordered
PRO,126,98.64,0.206993,P09601,ordered
GLU,127,98.5,0.212568,P09601,ordered
LEU,128,98.85,0.019444,P09601,ordered
LEU,129,98.86,0.0,P09601,ordered
VAL,130,98.66,0.00125,P09601,ordered
ALA,131,98.64,0.0,P09601,ordered
HIS,132,98.76,0.001546,P09601,ordered
ALA,133,98.64,0.0,P09601,ordered
TYR,134,97.18,0.096943,P09601,ordered
THR,135,96.48,0.113014,P09601,ordered
ARG,136,97.88,0.101245,P09601,ordered
TYR,137,97.94,0.021397,P09601,ordered
LEU,138,95.26,0.061111,P09601,ordered
GLY,139,92.22,0.384706,P09601,ordered
ASP,140,95.52,0.060927,P09601,ordered
LEU,141,94.71,0.038333,P09601,ordered
SER,142,90.28,0.232787,P09601,ordered
GLY,143,85.28,0.298824,P09601,ordered
GLY,144,88.03,0.058824,P09601,ordered
GLN,145,88.65,0.361376,P09601,ordered
VAL,146,91.63,0.453125,P09601,ordered
LEU,147,92.55,0.183889,P09601,ordered
LYS,148,95.23,0.205213,P09601,ordered
LYS,149,95.16,0.721327,P09601,ordered
ILE,150,95.93,0.181319,P09601,ordered
ALA,151,96.48,0.0,P09601,ordered
GLN,152,96.52,0.316402,P09601,ordered
LYS,153,96.46,0.805213,P09601,ordered
ALA,154,97.08,0.331858,P09601,ordered
LEU,155,97.06,0.041111,P09601,ordered
ASP,156,96.52,0.876821,P09601,ordered
LEU,157,95.88,0.108333,P09601,ordered
PRO,158,92.63,0.345455,P09601,ordered
SER,159,91.44,0.931967,P09601,ordered
SER,160,93.72,0.681967,P09601,ordered
GLY,161,93.44,0.215294,P09601,ordered
GLU,162,95.32,0.562842,P09601,ordered
GLY,163,97.48,0.041176,P09601,ordered
LEU,164,98.01,0.002778,P09601,ordered
ALA,165,98.07,0.169912,P09601,ordered
PHE,166,98.34,0.013761,P09601,ordered
PHE,167,97.1,0.055505,P09601,ordered
THR,168,96.29,0.375342,P09601,ordered
PHE,169,97.57,0.088991,P09601,ordered
PRO,170,96.88,0.770629,P09601,ordered
ASN,171,98.26,0.556329,P09601,ordered
ILE,172,98.08,0.121978,P09601,ordered
ALA,173,97.32,1.044248,P09601,ordered
SER,174,97.23,0.347541,P09601,ordered
ALA,175,95.74,0.302655,P09601,ordered
THR,176,96.08,0.584247,P09601,ordered
LYS,177,98.04,0.695735,P09601,ordered
PHE,178,98.29,0.08211,P09601,ordered
LYS,179,97.29,0.149763,P09601,ordered
GLN,180,97.6,0.571958,P09601,ordered
LEU,181,98.32,0.446667,P09601,ordered
TYR,182,98.29,0.003057,P09601,ordered
ARG,183,97.85,0.358506,P09601,ordered
SER,184,97.89,0.589344,P09601,ordered
ARG,185,98.28,0.421992,P09601,ordered
MET,186,97.77,0.001471,P09601,ordered
ASN,187,97.63,0.324051,P09601,ordered
SER,188,97.06,0.52377,P09601,ordered
LEU,189,97.44,0.078889,P09601,ordered
GLU,190,94.46,0.950273,P09601,ordered
MET,191,95.64,0.282353,P09601,ordered
THR,192,96.16,0.519863,P09601,ordered
PRO,193,95.2,0.531469,P09601,ordered
ALA,194,97.21,0.614159,P09601,ordered
VAL,195,97.67,0.179375,P09601,ordered
ARG,196,97.5,0.088797,P09601,ordered
GLN,197,97.3,0.486772,P09601,ordered
ARG,198,98.53,0.357261,P09601,ordered
VAL,199,98.56,0.0,P09601,ordered
ILE,200,97.93,0.023077,P09601,ordered
GLU,201,98.54,0.423497,P09601,ordered
GLU,202,98.78,0.046448,P09601,ordered
ALA,203,98.46,0.0,P09601,ordered
LYS,204,98.37,0.268246,P09601,ordered
THR,205,98.67,0.319863,P09601,ordered
ALA,206,98.45,0.0,P09601,ordered
PHE,207,97.51,0.108257,P09601,ordered
LEU,208,98.16,0.426111,P09601,ordered
LEU,209,98.56,0.1,P09601,ordered
ASN,210,97.59,0.064557,P09601,intermediate
ILE,211,97.79,0.087912,P09601,intermediate
GLN,212,98.41,0.397884,P09601,intermediate
LEU,213,98.34,0.007222,P09601,intermediate
PHE,214,97.82,0.097706,P09601,intermediate
GLU,215,97.95,0.520219,P09601,intermediate
GLU,216,98.36,0.153005,P09601,intermediate
LEU,217,97.59,0.0,P09601,intermediate
GLN,218,97.47,0.14127,P09601,intermediate
GLU,219,97.49,0.624044,P09601,intermediate
LEU,220,96.79,0.384444,P09601,intermediate
LEU,221,94.97,0.191111,P09601,intermediate
THR,222,92.95,0.358219,P09601,intermediate
HIS,223,82.04,0.590206,P09601,intermediate
ASP,224,71.97,0.630464,P09601,intermediate
THR,225,65.98,0.629452,P09601,intermediate
LYS,226,58.69,0.681517,P09601,intermediate
ASP,227,57.16,0.883444,P09601,intermediate
GLN,228,50.76,0.811111,P09601,intermediate
SER,229,39.09,0.627869,P09601,disordered
PRO,230,41.5,0.818881,P09601,disordered
SER,231,43.97,0.911475,P09601,disordered
ARG,232,37.84,0.958091,P09601,disordered
ALA,233,43.33,0.813274,P09601,disordered
PRO,234,36.08,0.905594,P09601,disordered
GLY,235,41.33,0.881176,P09601,disordered
LEU,236,42.19,0.932222,P09601,disordered
ARG,237,40.99,0.984232,P09601,disordered
GLN,238,41.64,0.946032,P09601,disordered
ARG,239,40.35,0.930705,P09601,disordered
ALA,240,41.35,0.846903,P09601,disordered
SER,241,39.95,0.778689,P09601,disordered
ASN,242,42.72,1.013291,P09601,disordered
LYS,243,42.17,0.86872,P09601,disordered
VAL,244,42.2,0.888125,P09601,disordered
GLN,245,41.98,0.822222,P09601,disordered
ASP,246,42.94,0.906623,P09601,disordered
SER,247,45.07,0.909836,P09601,disordered
ALA,248,49.34,0.862832,P09601,disordered
PRO,249,49.24,0.818881,P09601,disordered
VAL,250,50.76,0.800625,P09601,intermediate
GLU,251,45.17,0.953552,P09601,disordered
THR,252,43.96,0.900685,P09601,disordered
PRO,253,50.24,0.797902,P09601,intermediate
ARG,254,46.31,1.007884,P09601,disordered
GLY,255,44.38,0.852941,P09601,disordered
LYS,256,51.38,0.933649,P09601,intermediate
PRO,257,49.05,0.855944,P09601,disordered
PRO,258,45.73,0.767133,P09601,disordered
LEU,259,38.72,0.863889,P09601,disordered
ASN,260,36.22,0.936076,P09601,disordered
THR,261,39.31,0.891096,P09601,disordered
ARG,262,34.08,0.776349,P09601,disordered
SER,263,35.48,0.941803,P09601,disordered
GLN,264,34.16,0.736508,P09601,disordered
ALA,265,37.9,0.782301,P09601,disordered
PRO,266,35.92,0.711189,P09601,disordered
LEU,267,33.09,0.872778,P09601,disordered
LEU,268,34.4,0.842778,P09601,disordered
ARG,269,30.57,0.893361,P09601,disordered
TRP,270,34.01,0.794208,P09601,disordered
VAL,271,29.66,0.669375,P09601,disordered
LEU,272,31.32,0.877778,P09601,disordered
THR,273,26.89,0.816438,P09601,disordered
LEU,274,27.7,0.810556,P09601,disordered
SER,275,25.67,0.718852,P09601,disordered
PHE,276,32.67,0.63211,P09601,disordered
LEU,277,26.42,0.897778,P09601,disordered
VAL,278,25.04,0.86,P09601,disordered
ALA,279,26.6,0.839823,P09601,disordered
THR,280,28.69,0.806849,P09601,disordered
VAL,281,25.2,0.919375,P09601,disordered
ALA,282,25.24,0.723009,P09601,disordered
VAL,283,31.62,0.990625,P09601,disordered
GLY,284,28.58,0.744706,P09601,disordered
LEU,285,26.93,0.985,P09601,disordered
TYR,286,33.95,0.989083,P09601,disordered
ALA,287,36.54,0.841593,P09601,disordered
MET,288,37.98,1.280392,P09601,disordered
