aa,pos,plddt,rsa,uniprot_id,location
MET,1,40.16,1.021078,P22455,disordered
ARG,2,37.75,0.955187,P22455,disordered
LEU,3,36.09,0.861667,P22455,disordered
LEU,4,37.91,0.864444,P22455,disordered
LEU,5,45.0,0.823889,P22455,disordered
ALA,6,39.0,0.852212,P22455,disordered
LEU,7,33.03,0.920556,P22455,disordered
LEU,8,37.52,0.978333,P22455,disordered
GLY,9,37.66,0.670588,P22455,disordered
VAL,10,35.6,0.859375,P22455,disordered
LEU,11,32.03,0.875,P22455,disordered
LEU,12,35.22,0.954444,P22455,disordered
SER,13,32.8,0.890164,P22455,disordered
VAL,14,37.16,0.839375,P22455,disordered
PRO,15,35.49,0.875524,P22455,disordered
GLY,16,38.29,0.867059,P22455,disordered
PRO,17,33.59,0.848951,P22455,disordered
PRO,18,30.62,0.74965,P22455,disordered
VAL,19,34.03,0.92375,P22455,disordered
LEU,20,31.61,0.802222,P22455,disordered
SER,21,25.57,0.727049,P22455,disordered
LEU,22,26.03,0.969444,P22455,disordered
GLU,23,24.4,0.996175,P22455,disordered
ALA,24,26.49,0.875221,P22455,disordered
SER,25,28.94,0.859836,P22455,disordered
GLU,26,25.58,0.966667,P22455,disordered
GLU,27,27.69,0.95082,P22455,disordered
VAL,28,29.15,0.706875,P22455,disordered
GLU,29,27.49,1.009836,P22455,disordered
LEU,30,34.39,0.680556,P22455,disordered
GLU,31,35.98,0.743716,P22455,disordered
PRO,32,43.97,0.867133,P22455,disordered
CYS,33,41.84,0.292143,P22455,disordered
LEU,34,52.9,0.735,P22455,intermediate
ALA,35,46.11,0.49115,P22455,disordered
PRO,36,39.35,0.393007,P22455,disordered
SER,37,40.06,0.681967,P22455,intermediate
LEU,38,37.8,0.981111,P22455,intermediate
GLU,39,43.65,0.92623,P22455,intermediate
GLN,40,36.12,0.653968,P22455,intermediate
GLN,41,46.61,0.900529,P22455,intermediate
GLU,42,55.64,0.648634,P22455,intermediate
GLN,43,68.21,0.304762,P22455,intermediate
GLU,44,81.43,0.749727,P22455,ordered
LEU,45,82.22,0.371667,P22455,ordered
THR,46,83.86,0.65274,P22455,ordered
VAL,47,83.02,0.03125,P22455,ordered
ALA,48,81.87,0.433628,P22455,ordered
LEU,49,84.57,0.557778,P22455,ordered
GLY,50,82.12,0.507059,P22455,ordered
GLN,51,84.6,0.504233,P22455,ordered
PRO,52,88.35,0.530769,P22455,ordered
VAL,53,88.56,0.044375,P22455,ordered
ARG,54,89.25,0.585477,P22455,ordered
LEU,55,87.14,0.097778,P22455,ordered
CYS,56,85.61,0.152143,P22455,ordered
CYS,57,79.64,0.06,P22455,ordered
GLY,58,69.07,0.462353,P22455,intermediate
ARG,59,58.7,0.974689,P22455,intermediate
ALA,60,52.55,0.836283,P22455,intermediate
GLU,61,52.69,0.49235,P22455,intermediate
ARG,62,59.1,0.877593,P22455,intermediate
GLY,63,68.73,0.251765,P22455,intermediate
GLY,64,79.42,0.027059,P22455,ordered
HIS,65,87.03,0.256701,P22455,ordered
TRP,66,90.26,0.012355,P22455,ordered
TYR,67,90.64,0.236681,P22455,ordered
LYS,68,90.49,0.196682,P22455,ordered
GLU,69,85.41,0.715301,P22455,ordered
GLY,70,82.04,0.8,P22455,ordered
SER,71,87.29,0.621311,P22455,ordered
ARG,72,87.9,0.607884,P22455,ordered
LEU,73,88.85,0.135556,P22455,ordered
ALA,74,83.99,0.453097,P22455,ordered
PRO,75,81.47,0.597203,P22455,ordered
ALA,76,78.72,0.610619,P22455,ordered
GLY,77,81.55,0.661176,P22455,ordered
ARG,78,87.39,0.348133,P22455,ordered
VAL,79,89.44,0.181875,P22455,ordered
ARG,80,89.57,0.412033,P22455,ordered
GLY,81,87.08,0.192941,P22455,ordered
TRP,82,83.03,0.530888,P22455,ordered
ARG,83,81.31,0.680083,P22455,ordered
GLY,84,83.2,0.031765,P22455,ordered
ARG,85,87.2,0.353112,P22455,ordered
LEU,86,90.42,0.001111,P22455,ordered
GLU,87,90.55,0.230601,P22455,ordered
ILE,88,91.47,0.014835,P22455,ordered
ALA,89,85.06,0.646903,P22455,ordered
SER,90,87.16,0.315574,P22455,ordered
PHE,91,91.25,0.000917,P22455,ordered
LEU,92,89.14,0.346667,P22455,ordered
PRO,93,85.89,0.617483,P22455,ordered
GLU,94,88.52,0.656831,P22455,ordered
ASP,95,90.35,0.027815,P22455,ordered
ALA,96,89.6,0.256637,P22455,ordered
GLY,97,89.25,0.155294,P22455,ordered
ARG,98,90.78,0.512033,P22455,ordered
TYR,99,92.53,0.000873,P22455,intermediate
LEU,100,90.19,0.271667,P22455,intermediate
CYS,101,88.75,0.0,P22455,intermediate
LEU,102,85.82,0.093333,P22455,intermediate
ALA,103,81.52,0.128319,P22455,intermediate
ARG,104,78.05,0.763485,P22455,intermediate
GLY,105,74.64,1.047059,P22455,intermediate
SER,106,71.81,0.333607,P22455,intermediate
MET,107,76.1,0.814216,P22455,intermediate
ILE,108,80.05,0.582967,P22455,intermediate
VAL,109,82.97,0.458125,P22455,intermediate
LEU,110,81.71,0.319444,P22455,intermediate
GLN,111,83.15,0.106878,P22455,intermediate
ASN,112,88.2,0.150633,P22455,intermediate
LEU,113,89.72,0.037222,P22455,intermediate
THR,114,90.37,0.291096,P22455,intermediate
LEU,115,90.09,0.005556,P22455,intermediate
ILE,116,87.18,0.337912,P22455,intermediate
THR,117,84.21,0.305479,P22455,intermediate
GLY,118,70.96,0.255294,P22455,intermediate
ASP,119,51.23,0.968212,P22455,intermediate
SER,120,41.1,0.747541,P22455,disordered
LEU,121,33.03,0.936667,P22455,disordered
THR,122,33.74,0.937671,P22455,disordered
SER,123,32.43,0.965574,P22455,disordered
SER,124,36.21,0.872131,P22455,disordered
ASN,125,37.75,0.906962,P22455,disordered
ASP,126,44.01,1.022517,P22455,disordered
ASP,127,39.99,0.982119,P22455,disordered
GLU,128,40.51,0.998361,P22455,disordered
ASP,129,38.57,0.925166,P22455,disordered
PRO,130,40.83,0.636364,P22455,disordered
LYS,131,39.19,0.876303,P22455,disordered
SER,132,39.19,0.864754,P22455,intermediate
HIS,133,39.76,0.96134,P22455,intermediate
ARG,134,38.31,0.955187,P22455,intermediate
ASP,135,36.78,0.962914,P22455,intermediate
PRO,136,37.79,0.86014,P22455,intermediate
SER,137,37.8,0.963115,P22455,intermediate
ASN,138,37.44,0.788608,P22455,intermediate
ARG,139,35.75,0.971784,P22455,intermediate
HIS,140,43.57,0.739691,P22455,intermediate
SER,141,44.16,0.860656,P22455,intermediate
TYR,142,50.41,0.803493,P22455,intermediate
PRO,143,75.73,0.734965,P22455,ordered
GLN,144,84.33,0.738095,P22455,ordered
GLN,145,86.96,0.471429,P22455,ordered
ALA,146,90.89,0.368142,P22455,ordered
PRO,147,93.94,0.072727,P22455,ordered
TYR,148,93.22,0.424891,P22455,ordered
TRP,149,93.78,0.227799,P22455,ordered
THR,150,91.85,0.371233,P22455,ordered
HIS,151,89.83,0.315464,P22455,ordered
PRO,152,88.61,0.486713,P22455,ordered
GLN,153,87.54,0.508995,P22455,ordered
ARG,154,86.33,0.585062,P22455,ordered
MET,155,89.77,0.011765,P22455,ordered
GLU,156,80.58,0.73224,P22455,ordered
LYS,157,83.27,0.572986,P22455,ordered
LYS,158,86.83,0.569194,P22455,ordered
LEU,159,89.38,0.506667,P22455,ordered
HIS,160,90.96,0.140722,P22455,ordered
ALA,161,88.91,0.437168,P22455,ordered
VAL,162,84.48,0.129375,P22455,ordered
PRO,163,77.47,0.298601,P22455,ordered
ALA,164,75.03,0.265487,P22455,ordered
GLY,165,70.08,0.478824,P22455,ordered
ASN,166,79.67,0.344937,P22455,ordered
THR,167,83.52,0.578082,P22455,ordered
VAL,168,89.0,0.0175,P22455,ordered
LYS,169,91.2,0.346445,P22455,ordered
PHE,170,93.01,0.0,P22455,ordered
ARG,171,92.15,0.406639,P22455,ordered
CYS,172,93.2,0.0,P22455,ordered
PRO,173,92.89,0.095105,P22455,ordered
ALA,174,93.05,0.079646,P22455,ordered
ALA,175,91.81,0.248673,P22455,ordered
GLY,176,89.95,0.24,P22455,ordered
ASN,177,88.56,0.337342,P22455,ordered
PRO,178,90.72,0.404895,P22455,ordered
THR,179,89.68,0.793151,P22455,ordered
PRO,180,91.95,0.07972,P22455,ordered
THR,181,92.14,0.566438,P22455,ordered
ILE,182,92.09,0.084066,P22455,ordered
ARG,183,91.06,0.473444,P22455,ordered
TRP,184,91.25,0.036293,P22455,ordered
LEU,185,91.5,0.173889,P22455,ordered
LYS,186,91.0,0.208531,P22455,ordered
ASP,187,90.79,0.603974,P22455,ordered
GLY,188,89.19,0.694118,P22455,ordered
GLN,189,88.98,0.553439,P22455,ordered
ALA,190,84.95,0.574336,P22455,ordered
PHE,191,81.41,0.095413,P22455,ordered
HIS,192,72.36,0.526804,P22455,ordered
GLY,193,65.02,0.198824,P22455,intermediate
GLU,194,62.95,0.816393,P22455,intermediate
ASN,195,58.15,0.555063,P22455,intermediate
ARG,196,59.86,0.127386,P22455,intermediate
ILE,197,48.81,0.635714,P22455,intermediate
GLY,198,53.54,0.249412,P22455,intermediate
GLY,199,58.06,0.381176,P22455,intermediate
ILE,200,68.94,0.145604,P22455,intermediate
ARG,201,70.8,0.495436,P22455,ordered
LEU,202,75.06,0.267222,P22455,ordered
ARG,203,77.33,0.43444,P22455,ordered
HIS,204,76.69,0.490722,P22455,ordered
GLN,205,74.45,0.827513,P22455,ordered
HIS,206,79.22,0.570103,P22455,ordered
TRP,207,86.94,0.153282,P22455,ordered
SER,208,90.09,0.020492,P22455,ordered
LEU,209,89.49,0.0,P22455,ordered
VAL,210,89.1,0.08875,P22455,ordered
MET,211,86.35,0.0,P22455,ordered
GLU,212,83.42,0.260109,P22455,ordered
SER,213,77.82,0.320492,P22455,ordered
VAL,214,79.17,0.001875,P22455,ordered
VAL,215,78.94,0.376875,P22455,ordered
PRO,216,80.61,0.459441,P22455,ordered
SER,217,82.54,0.702459,P22455,ordered
ASP,218,86.3,0.060927,P22455,ordered
ARG,219,89.6,0.618257,P22455,ordered
GLY,220,91.67,0.094118,P22455,ordered
THR,221,95.31,0.336986,P22455,ordered
TYR,222,93.31,0.00786,P22455,ordered
THR,223,94.77,0.099315,P22455,ordered
CYS,224,93.28,0.0,P22455,ordered
LEU,225,94.57,0.07,P22455,ordered
VAL,226,93.98,0.0,P22455,ordered
GLU,227,94.31,0.291803,P22455,ordered
ASN,228,93.1,0.173418,P22455,ordered
ALA,229,93.51,0.840708,P22455,ordered
VAL,230,90.98,0.405625,P22455,ordered
GLY,231,92.68,0.281176,P22455,ordered
SER,232,95.41,0.561475,P22455,ordered
ILE,233,95.67,0.185714,P22455,ordered
ARG,234,94.99,0.63361,P22455,ordered
TYR,235,95.09,0.182533,P22455,ordered
ASN,236,94.57,0.478481,P22455,ordered
TYR,237,95.17,0.022707,P22455,ordered
LEU,238,94.59,0.458333,P22455,ordered
LEU,239,93.28,0.001667,P22455,ordered
ASP,240,91.06,0.262252,P22455,ordered
VAL,241,84.49,0.098125,P22455,ordered
LEU,242,75.93,0.437778,P22455,ordered
GLU,243,62.28,0.62623,P22455,intermediate
ARG,244,61.38,0.485062,P22455,intermediate
SER,245,51.74,0.630328,P22455,intermediate
PRO,246,63.04,0.428671,P22455,intermediate
HIS,247,69.48,0.269588,P22455,intermediate
ARG,248,83.05,0.482573,P22455,ordered
PRO,249,87.4,0.004895,P22455,ordered
ILE,250,88.36,0.496154,P22455,ordered
LEU,251,90.73,0.132778,P22455,ordered
GLN,252,90.3,0.335979,P22455,ordered
ALA,253,87.98,0.815929,P22455,ordered
GLY,254,88.89,0.549412,P22455,ordered
LEU,255,92.61,0.159444,P22455,ordered
PRO,256,94.78,0.036364,P22455,ordered
ALA,257,93.95,0.421239,P22455,ordered
ASN,258,95.58,0.772785,P22455,ordered
THR,259,94.8,0.252055,P22455,ordered
THR,260,94.88,0.632877,P22455,ordered
ALA,261,92.37,0.061947,P22455,ordered
VAL,262,91.95,0.41,P22455,ordered
VAL,263,92.47,0.346875,P22455,ordered
GLY,264,90.04,0.469412,P22455,ordered
SER,265,93.1,0.305738,P22455,ordered
ASP,266,93.39,0.686093,P22455,ordered
VAL,267,93.18,0.04625,P22455,ordered
GLU,268,93.13,0.681967,P22455,ordered
LEU,269,94.08,0.008889,P22455,ordered
LEU,270,93.66,0.342778,P22455,ordered
CYS,271,91.99,0.001429,P22455,ordered
LYS,272,90.8,0.379147,P22455,ordered
VAL,273,87.84,0.12875,P22455,ordered
TYR,274,85.49,0.533624,P22455,ordered
SER,275,76.41,0.298361,P22455,ordered
ASP,276,67.32,0.507947,P22455,intermediate
ALA,277,69.53,0.312389,P22455,intermediate
GLN,278,70.53,0.751323,P22455,ordered
PRO,279,77.64,0.25035,P22455,ordered
HIS,280,83.19,0.393299,P22455,ordered
ILE,281,88.39,0.052747,P22455,ordered
GLN,282,91.41,0.226455,P22455,ordered
TRP,283,93.94,0.002703,P22455,ordered
LEU,284,93.72,0.122778,P22455,ordered
LYS,285,94.38,0.108057,P22455,ordered
HIS,286,92.12,0.277835,P22455,ordered
ILE,287,91.99,0.288462,P22455,ordered
VAL,288,89.44,0.645,P22455,ordered
ILE,289,85.29,0.382967,P22455,ordered
ASN,290,85.66,1.020886,P22455,ordered
GLY,291,84.71,0.887059,P22455,ordered
SER,292,86.63,0.363115,P22455,ordered
SER,293,86.25,0.403279,P22455,ordered
PHE,294,86.09,0.511468,P22455,ordered
GLY,295,80.16,0.184706,P22455,ordered
ALA,296,80.22,1.053097,P22455,ordered
ASP,297,81.36,0.525828,P22455,ordered
GLY,298,80.03,0.351765,P22455,ordered
PHE,299,78.62,0.636239,P22455,ordered
PRO,300,84.32,0.33007,P22455,ordered
TYR,301,88.5,0.318341,P22455,ordered
VAL,302,90.39,0.37625,P22455,ordered
GLN,303,90.17,0.482011,P22455,ordered
VAL,304,88.55,0.504375,P22455,ordered
LEU,305,87.72,0.372222,P22455,ordered
LYS,306,84.62,0.25545,P22455,ordered
THR,307,76.39,0.461644,P22455,ordered
ALA,308,64.13,0.10708,P22455,intermediate
ASP,309,52.96,0.881457,P22455,intermediate
ILE,310,46.55,0.752747,P22455,intermediate
ASN,311,47.4,0.936076,P22455,intermediate
SER,312,52.54,0.492623,P22455,intermediate
SER,313,57.18,0.942623,P22455,intermediate
GLU,314,70.49,0.634973,P22455,ordered
VAL,315,77.05,0.13625,P22455,ordered
GLU,316,86.41,0.276503,P22455,ordered
VAL,317,90.35,0.138125,P22455,ordered
LEU,318,92.31,0.045556,P22455,ordered
TYR,319,91.73,0.4869,P22455,ordered
LEU,320,92.14,0.13,P22455,ordered
ARG,321,91.97,0.790871,P22455,ordered
ASN,322,91.57,0.678481,P22455,ordered
VAL,323,92.28,0.005625,P22455,ordered
SER,324,92.96,0.261475,P22455,ordered
ALA,325,90.43,0.657522,P22455,ordered
GLU,326,90.59,0.763388,P22455,ordered
ASP,327,92.76,0.219205,P22455,ordered
ALA,328,93.91,0.430973,P22455,ordered
GLY,329,93.72,0.12,P22455,ordered
GLU,330,95.95,0.253552,P22455,ordered
TYR,331,95.76,0.002183,P22455,ordered
THR,332,95.39,0.060274,P22455,ordered
CYS,333,94.19,0.0,P22455,ordered
LEU,334,93.28,0.192222,P22455,ordered
ALA,335,90.29,0.0,P22455,ordered
GLY,336,86.75,0.114118,P22455,ordered
ASN,337,81.57,0.127848,P22455,ordered
SER,338,75.82,0.718033,P22455,ordered
ILE,339,73.38,0.220879,P22455,ordered
GLY,340,78.97,0.188235,P22455,ordered
LEU,341,88.64,0.616667,P22455,ordered
SER,342,91.1,0.136885,P22455,intermediate
TYR,343,93.63,0.732751,P22455,intermediate
GLN,344,94.02,0.295767,P22455,intermediate
SER,345,95.19,0.347541,P22455,intermediate
ALA,346,95.82,0.021239,P22455,intermediate
TRP,347,96.45,0.54749,P22455,intermediate
LEU,348,96.61,0.003889,P22455,intermediate
THR,349,94.96,0.415753,P22455,intermediate
VAL,350,93.97,0.14375,P22455,intermediate
LEU,351,91.47,0.458333,P22455,intermediate
PRO,352,84.74,0.679021,P22455,intermediate
GLU,353,71.71,0.757923,P22455,intermediate
GLU,354,64.65,0.898907,P22455,intermediate
ASP,355,49.56,0.869536,P22455,disordered
PRO,356,49.81,0.902098,P22455,intermediate
THR,357,47.1,0.689726,P22455,intermediate
TRP,358,41.33,0.951351,P22455,intermediate
THR,359,37.81,0.700685,P22455,intermediate
ALA,360,40.92,0.992035,P22455,intermediate
ALA,361,43.86,0.742478,P22455,intermediate
ALA,362,44.38,0.647788,P22455,intermediate
PRO,363,43.93,0.637063,P22455,intermediate
GLU,364,53.53,0.779235,P22455,intermediate
ALA,365,56.69,0.657522,P22455,intermediate
ARG,366,58.28,0.787552,P22455,intermediate
TYR,367,65.52,0.627074,P22455,intermediate
THR,368,69.9,0.571918,P22455,intermediate
ASP,369,72.36,0.556291,P22455,ordered
ILE,370,76.95,0.57967,P22455,ordered
ILE,371,79.48,0.560989,P22455,ordered
LEU,372,80.94,0.671111,P22455,ordered
TYR,373,84.81,0.761135,P22455,ordered
ALA,374,86.1,0.50708,P22455,ordered
SER,375,88.86,0.483607,P22455,intermediate
GLY,376,88.4,0.470588,P22455,intermediate
SER,377,88.98,0.598361,P22455,intermediate
LEU,378,91.32,0.657222,P22455,intermediate
ALA,379,90.18,0.465487,P22455,intermediate
LEU,380,91.27,0.591667,P22455,intermediate
ALA,381,91.36,0.409735,P22455,intermediate
VAL,382,90.59,0.45375,P22455,intermediate
LEU,383,91.09,0.634444,P22455,intermediate
LEU,384,90.76,0.651667,P22455,intermediate
LEU,385,88.47,0.633333,P22455,intermediate
LEU,386,88.43,0.475,P22455,intermediate
ALA,387,85.17,0.440708,P22455,intermediate
GLY,388,84.37,0.484706,P22455,intermediate
LEU,389,81.31,0.593333,P22455,intermediate
TYR,390,77.56,0.695197,P22455,intermediate
ARG,391,72.32,0.757676,P22455,intermediate
GLY,392,66.19,0.511765,P22455,intermediate
GLN,393,61.76,0.728042,P22455,intermediate
ALA,394,56.07,0.563717,P22455,intermediate
LEU,395,53.51,0.752778,P22455,intermediate
HIS,396,50.43,0.907216,P22455,intermediate
GLY,397,40.38,0.768235,P22455,disordered
ARG,398,36.19,0.901245,P22455,disordered
HIS,399,43.72,1.002577,P22455,disordered
PRO,400,40.97,0.765734,P22455,disordered
ARG,401,44.38,0.964315,P22455,disordered
PRO,402,43.18,0.786713,P22455,disordered
PRO,403,36.87,0.909091,P22455,disordered
ALA,404,42.69,0.812389,P22455,disordered
THR,405,39.7,0.916438,P22455,disordered
VAL,406,34.73,0.8575,P22455,disordered
GLN,407,38.32,0.944974,P22455,disordered
LYS,408,33.85,0.930806,P22455,disordered
LEU,409,35.0,0.987778,P22455,disordered
SER,410,33.32,0.80082,P22455,disordered
ARG,411,36.22,0.958921,P22455,disordered
PHE,412,30.95,0.944037,P22455,disordered
PRO,413,35.86,0.844056,P22455,disordered
LEU,414,32.55,1.022778,P22455,disordered
ALA,415,32.68,0.851327,P22455,disordered
ARG,416,33.44,0.927801,P22455,disordered
GLN,417,30.02,0.907407,P22455,disordered
PHE,418,32.33,0.900917,P22455,disordered
SER,419,32.89,0.963115,P22455,disordered
LEU,420,33.37,0.870556,P22455,disordered
GLU,421,33.88,0.9,P22455,disordered
SER,422,34.96,0.852459,P22455,disordered
GLY,423,35.81,0.870588,P22455,disordered
SER,424,37.45,0.980328,P22455,disordered
SER,425,37.9,0.95082,P22455,disordered
GLY,426,40.86,0.623529,P22455,disordered
LYS,427,40.41,0.898104,P22455,disordered
SER,428,34.98,0.686066,P22455,disordered
SER,429,38.39,0.918852,P22455,disordered
SER,430,32.48,0.931967,P22455,disordered
SER,431,34.26,0.754098,P22455,disordered
LEU,432,32.57,0.998889,P22455,disordered
VAL,433,36.26,0.5625,P22455,disordered
ARG,434,31.55,0.942324,P22455,disordered
GLY,435,33.55,0.894118,P22455,disordered
VAL,436,32.61,0.738125,P22455,disordered
ARG,437,27.31,0.955602,P22455,disordered
LEU,438,32.46,0.941111,P22455,disordered
SER,439,29.12,0.821311,P22455,disordered
SER,440,29.52,0.8,P22455,disordered
SER,441,31.58,1.029508,P22455,disordered
GLY,442,33.13,0.835294,P22455,intermediate
PRO,443,30.3,0.913986,P22455,intermediate
ALA,444,28.9,0.877876,P22455,intermediate
LEU,445,31.01,0.881111,P22455,intermediate
LEU,446,30.39,0.947778,P22455,intermediate
ALA,447,27.0,1.004425,P22455,intermediate
GLY,448,27.38,0.914118,P22455,intermediate
LEU,449,36.65,0.897778,P22455,intermediate
VAL,450,40.32,0.709375,P22455,intermediate
SER,451,43.84,0.722131,P22455,intermediate
LEU,452,53.91,0.43,P22455,intermediate
ASP,453,68.82,0.858278,P22455,intermediate
LEU,454,81.31,0.137222,P22455,ordered
PRO,455,86.23,0.683217,P22455,ordered
LEU,456,88.96,0.568889,P22455,ordered
ASP,457,91.17,0.25894,P22455,ordered
PRO,458,91.25,0.733566,P22455,ordered
LEU,459,91.35,0.885,P22455,ordered
TRP,460,93.62,0.244402,P22455,ordered
GLU,461,95.49,0.265574,P22455,ordered
PHE,462,95.03,0.081651,P22455,ordered
PRO,463,94.12,0.422378,P22455,ordered
ARG,464,94.73,0.256432,P22455,ordered
ASP,465,94.26,0.858278,P22455,ordered
ARG,466,94.81,0.408299,P22455,ordered
LEU,467,96.02,0.098889,P22455,ordered
VAL,468,96.31,0.490625,P22455,ordered
LEU,469,95.0,0.408333,P22455,ordered
GLY,470,93.0,0.529412,P22455,ordered
LYS,471,90.95,0.628436,P22455,ordered
PRO,472,87.59,0.596503,P22455,ordered
LEU,473,85.2,0.506111,P22455,ordered
GLY,474,73.67,0.371765,P22455,ordered
GLU,475,71.43,0.664481,P22455,ordered
GLY,476,63.02,0.490588,P22455,intermediate
CYS,477,54.67,0.697857,P22455,intermediate
PHE,478,58.72,0.522018,P22455,intermediate
GLY,479,73.46,0.091765,P22455,ordered
GLN,480,85.16,0.253439,P22455,ordered
VAL,481,90.85,0.269375,P22455,ordered
VAL,482,93.17,0.055,P22455,ordered
ARG,483,94.15,0.348133,P22455,ordered
ALA,484,96.08,0.00885,P22455,ordered
GLU,485,96.66,0.279235,P22455,ordered
ALA,486,96.47,0.0,P22455,ordered
PHE,487,95.85,0.349541,P22455,ordered
GLY,488,91.06,0.238824,P22455,ordered
MET,489,88.46,0.220098,P22455,ordered
ASP,490,85.6,0.42649,P22455,ordered
PRO,491,82.23,0.840559,P22455,ordered
ALA,492,88.57,0.753097,P22455,ordered
ARG,493,90.22,0.559336,P22455,ordered
PRO,494,86.36,0.447552,P22455,ordered
ASP,495,89.07,0.900662,P22455,ordered
GLN,496,91.45,0.461376,P22455,ordered
ALA,497,92.33,0.407965,P22455,ordered
SER,498,93.52,0.281148,P22455,ordered
THR,499,94.54,0.383562,P22455,ordered
VAL,500,95.6,0.004375,P22455,ordered
ALA,501,95.23,0.060177,P22455,ordered
VAL,502,95.21,0.0,P22455,ordered
LYS,503,92.68,0.227488,P22455,ordered
MET,504,91.48,0.098529,P22455,ordered
LEU,505,89.05,0.287222,P22455,ordered
LYS,506,84.3,0.269194,P22455,ordered
ASP,507,83.12,1.148344,P22455,ordered
ASN,508,80.98,0.827215,P22455,ordered
ALA,509,80.14,0.338938,P22455,ordered
SER,510,81.43,0.44918,P22455,ordered
ASP,511,80.99,0.754967,P22455,ordered
LYS,512,77.22,0.409479,P22455,ordered
ASP,513,81.7,0.149007,P22455,ordered
LEU,514,86.01,0.182778,P22455,ordered
ALA,515,82.61,0.478761,P22455,ordered
ASP,516,80.78,0.257616,P22455,ordered
LEU,517,87.04,0.056667,P22455,ordered
VAL,518,88.55,0.17375,P22455,ordered
SER,519,84.13,0.196721,P22455,ordered
GLU,520,86.5,0.077049,P22455,ordered
MET,521,89.88,0.030392,P22455,ordered
GLU,522,89.22,0.411475,P22455,ordered
VAL,523,87.22,0.101875,P22455,ordered
MET,524,91.0,0.059804,P22455,ordered
LYS,525,90.97,0.189573,P22455,ordered
LEU,526,88.37,0.711667,P22455,ordered
ILE,527,90.01,0.025824,P22455,ordered
GLY,528,90.86,0.271765,P22455,ordered
ARG,529,94.1,0.610788,P22455,ordered
HIS,530,97.25,0.171649,P22455,ordered
LYS,531,97.0,0.647393,P22455,ordered
ASN,532,98.17,0.043671,P22455,ordered
ILE,533,97.04,0.00989,P22455,ordered
ILE,534,95.78,0.053297,P22455,ordered
ASN,535,95.23,0.044937,P22455,ordered
LEU,536,95.16,0.034444,P22455,ordered
LEU,537,94.86,0.255556,P22455,ordered
GLY,538,95.06,0.005882,P22455,ordered
VAL,539,95.8,0.00125,P22455,ordered
CYS,540,95.59,0.0,P22455,ordered
THR,541,93.44,0.118493,P22455,ordered
GLN,542,91.17,0.334392,P22455,ordered
GLU,543,84.94,1.036066,P22455,ordered
GLY,544,88.18,0.508235,P22455,ordered
PRO,545,90.85,0.553147,P22455,ordered
LEU,546,92.71,0.072778,P22455,ordered
TYR,547,95.2,0.172052,P22455,ordered
VAL,548,94.56,0.02375,P22455,ordered
ILE,549,95.82,0.0,P22455,ordered
VAL,550,95.23,0.11875,P22455,ordered
GLU,551,94.48,0.205464,P22455,ordered
CYS,552,92.94,0.247857,P22455,ordered
ALA,553,92.83,0.163717,P22455,ordered
ALA,554,89.48,0.636283,P22455,ordered
LYS,555,91.39,0.274882,P22455,ordered
GLY,556,91.72,0.334118,P22455,ordered
ASN,557,93.67,0.275949,P22455,ordered
LEU,558,96.24,0.0,P22455,ordered
ARG,559,94.55,0.214523,P22455,ordered
GLU,560,92.89,0.463934,P22455,ordered
PHE,561,94.13,0.048624,P22455,ordered
LEU,562,94.08,0.0,P22455,ordered
ARG,563,92.43,0.352697,P22455,ordered
ALA,564,89.75,0.319469,P22455,ordered
ARG,565,88.94,0.062241,P22455,ordered
ARG,566,87.09,0.43361,P22455,ordered
PRO,567,76.63,0.372727,P22455,ordered
PRO,568,65.06,0.667133,P22455,intermediate
GLY,569,60.49,0.36,P22455,intermediate
PRO,570,51.43,0.751049,P22455,intermediate
ASP,571,48.32,0.745033,P22455,intermediate
LEU,572,44.81,0.585556,P22455,intermediate
SER,573,42.21,0.472131,P22455,intermediate
PRO,574,48.52,0.67972,P22455,intermediate
ASP,575,47.28,0.943709,P22455,intermediate
GLY,576,49.91,0.411765,P22455,intermediate
PRO,577,47.47,0.879021,P22455,intermediate
ARG,578,52.99,0.519087,P22455,intermediate
SER,579,57.23,0.362295,P22455,intermediate
SER,580,57.28,1.060656,P22455,intermediate
GLU,581,65.6,0.448634,P22455,intermediate
GLY,582,73.01,0.532941,P22455,ordered
PRO,583,83.55,0.617483,P22455,ordered
LEU,584,86.54,0.101111,P22455,ordered
SER,585,88.87,0.421311,P22455,ordered
PHE,586,89.72,0.240367,P22455,ordered
PRO,587,90.34,0.368531,P22455,ordered
VAL,588,91.85,0.36875,P22455,ordered
LEU,589,94.17,0.080556,P22455,ordered
VAL,590,94.25,0.003125,P22455,ordered
SER,591,94.95,0.296721,P22455,ordered
CYS,592,96.24,0.02,P22455,ordered
ALA,593,97.26,0.0,P22455,ordered
TYR,594,97.97,0.175983,P22455,ordered
GLN,595,98.39,0.148677,P22455,ordered
VAL,596,98.52,0.003125,P22455,ordered
ALA,597,98.61,0.0,P22455,ordered
ARG,598,98.41,0.424896,P22455,ordered
GLY,599,98.03,0.0,P22455,ordered
MET,600,98.37,0.007353,P22455,ordered
GLN,601,98.18,0.311111,P22455,ordered
TYR,602,97.7,0.223144,P22455,ordered
LEU,603,95.15,0.001111,P22455,ordered
GLU,604,93.27,0.244809,P22455,ordered
SER,605,93.96,0.677049,P22455,ordered
ARG,606,91.47,0.495021,P22455,ordered
LYS,607,87.77,0.451185,P22455,ordered
CYS,608,88.22,0.050714,P22455,ordered
ILE,609,90.41,0.042857,P22455,ordered
HIS,610,91.78,0.001031,P22455,ordered
ARG,611,89.53,0.079253,P22455,ordered
ASP,612,90.89,0.107947,P22455,ordered
LEU,613,95.94,0.002778,P22455,ordered
ALA,614,95.65,0.0,P22455,ordered
ALA,615,96.75,0.0,P22455,ordered
ARG,616,93.28,0.342324,P22455,ordered
ASN,617,94.34,0.077215,P22455,ordered
VAL,618,97.34,0.0,P22455,intermediate
LEU,619,96.51,0.253889,P22455,intermediate
VAL,620,96.47,0.0,P22455,intermediate
THR,621,94.62,0.108904,P22455,intermediate
GLU,622,91.76,0.74153,P22455,intermediate
ASP,623,92.16,0.84702,P22455,intermediate
ASN,624,93.11,0.397468,P22455,intermediate
VAL,625,97.25,0.14125,P22455,intermediate
MET,626,98.05,0.006863,P22455,intermediate
LYS,627,97.82,0.081991,P22455,intermediate
ILE,628,97.56,0.001099,P22455,intermediate
ALA,629,92.88,0.069027,P22455,intermediate
ASP,630,84.32,0.429139,P22455,intermediate
PHE,631,79.15,0.008716,P22455,intermediate
GLY,632,66.17,0.251765,P22455,intermediate
LEU,633,64.56,0.299444,P22455,intermediate
ALA,634,62.52,0.00708,P22455,intermediate
ARG,635,61.45,0.350622,P22455,intermediate
GLY,636,51.02,0.372941,P22455,intermediate
VAL,637,52.02,0.36125,P22455,intermediate
HIS,638,43.19,0.776289,P22455,disordered
HIS,639,43.5,0.82268,P22455,disordered
ILE,640,40.62,0.228022,P22455,disordered
ASP,641,31.62,1.051656,P22455,intermediate
TYR,642,35.8,0.79345,P22455,intermediate
TYR,643,31.77,0.237991,P22455,intermediate
LYS,644,36.28,0.603791,P22455,intermediate
LYS,645,39.79,0.175355,P22455,intermediate
THR,646,37.91,0.854795,P22455,intermediate
SER,647,37.28,0.251639,P22455,intermediate
ASN,648,40.32,0.51519,P22455,intermediate
GLY,649,44.7,0.228235,P22455,intermediate
ARG,650,56.52,0.638174,P22455,intermediate
LEU,651,68.89,0.398889,P22455,intermediate
PRO,652,83.51,0.077622,P22455,ordered
VAL,653,86.37,0.134375,P22455,ordered
LYS,654,92.17,0.146445,P22455,ordered
TRP,655,95.07,0.122394,P22455,ordered
MET,656,91.4,0.036275,P22455,ordered
ALA,657,93.4,0.006195,P22455,ordered
PRO,658,91.08,0.134965,P22455,ordered
GLU,659,88.6,0.09235,P22455,ordered
ALA,660,87.32,0.055752,P22455,ordered
LEU,661,82.31,0.16,P22455,ordered
PHE,662,80.83,0.373394,P22455,ordered
ASP,663,78.02,0.707947,P22455,ordered
ARG,664,74.7,0.43029,P22455,ordered
VAL,665,75.28,0.37125,P22455,ordered
TYR,666,83.61,0.127074,P22455,ordered
THR,667,88.95,0.343151,P22455,ordered
HIS,668,92.53,0.193814,P22455,ordered
GLN,669,95.91,0.16455,P22455,ordered
SER,670,93.98,0.030328,P22455,ordered
ASP,671,96.72,0.009934,P22455,ordered
VAL,672,98.46,0.0,P22455,ordered
TRP,673,98.33,0.002703,P22455,ordered
SER,674,97.97,0.040984,P22455,ordered
PHE,675,98.66,0.0,P22455,ordered
GLY,676,98.41,0.0,P22455,ordered
ILE,677,98.1,0.0,P22455,ordered
LEU,678,98.35,0.0,P22455,ordered
LEU,679,97.99,0.003889,P22455,ordered
TRP,680,97.56,0.084942,P22455,ordered
GLU,681,97.47,0.004372,P22455,ordered
ILE,682,96.24,0.0,P22455,ordered
PHE,683,95.0,0.050459,P22455,ordered
THR,684,94.04,0.214384,P22455,ordered
LEU,685,93.85,0.159444,P22455,ordered
GLY,686,92.5,0.003529,P22455,ordered
GLY,687,90.02,0.117647,P22455,ordered
SER,688,89.39,0.454098,P22455,ordered
PRO,689,92.9,0.001399,P22455,ordered
TYR,690,90.46,0.010917,P22455,ordered
PRO,691,86.53,0.358042,P22455,ordered
GLY,692,80.61,0.491765,P22455,ordered
ILE,693,79.79,0.196703,P22455,ordered
PRO,694,78.11,0.220979,P22455,ordered
VAL,695,73.96,0.329375,P22455,ordered
GLU,696,75.43,0.740984,P22455,ordered
GLU,697,82.53,0.518033,P22455,ordered
LEU,698,83.96,0.003889,P22455,ordered
PHE,699,78.34,0.333028,P22455,ordered
SER,700,82.23,0.504918,P22455,ordered
LEU,701,88.76,0.207222,P22455,ordered
LEU,702,89.63,0.051667,P22455,ordered
ARG,703,84.41,0.821992,P22455,ordered
GLU,704,89.44,0.779781,P22455,ordered
GLY,705,90.38,0.503529,P22455,ordered
HIS,706,92.88,0.314948,P22455,ordered
ARG,707,95.99,0.137759,P22455,ordered
MET,708,95.72,0.028922,P22455,ordered
ASP,709,94.55,0.783444,P22455,ordered
ARG,710,95.72,0.492946,P22455,ordered
PRO,711,92.5,0.017483,P22455,ordered
PRO,712,80.65,0.640559,P22455,ordered
HIS,713,75.38,0.540722,P22455,ordered
CYS,714,88.2,0.032143,P22455,ordered
PRO,715,90.19,0.260839,P22455,ordered
PRO,716,91.78,0.536364,P22455,ordered
GLU,717,89.88,0.687978,P22455,ordered
LEU,718,93.62,0.026667,P22455,ordered
TYR,719,96.94,0.169432,P22455,ordered
GLY,720,97.16,0.316471,P22455,ordered
LEU,721,96.76,0.094444,P22455,ordered
MET,722,98.2,0.002451,P22455,ordered
ARG,723,97.98,0.495851,P22455,ordered
GLU,724,98.03,0.508197,P22455,ordered
CYS,725,98.59,0.0,P22455,ordered
TRP,726,98.22,0.016988,P22455,ordered
HIS,727,97.54,0.401546,P22455,ordered
ALA,728,93.73,0.59469,P22455,ordered
ALA,729,92.8,0.342478,P22455,ordered
PRO,730,95.35,0.290909,P22455,ordered
SER,731,94.88,0.82377,P22455,ordered
GLN,732,97.49,0.639683,P22455,ordered
ARG,733,98.31,0.034025,P22455,ordered
PRO,734,98.29,0.093007,P22455,ordered
THR,735,98.07,0.326712,P22455,intermediate
PHE,736,98.47,0.004587,P22455,intermediate
LYS,737,98.02,0.543602,P22455,intermediate
GLN,738,98.24,0.507407,P22455,intermediate
LEU,739,98.33,0.0,P22455,intermediate
VAL,740,98.19,0.105,P22455,intermediate
GLU,741,97.19,0.462842,P22455,intermediate
ALA,742,96.37,0.269027,P22455,intermediate
LEU,743,95.64,0.0,P22455,intermediate
ASP,744,93.99,0.377483,P22455,intermediate
LYS,745,93.24,0.665877,P22455,intermediate
VAL,746,91.03,0.228125,P22455,intermediate
LEU,747,88.24,0.193889,P22455,intermediate
LEU,748,86.56,0.56,P22455,intermediate
ALA,749,83.11,0.490265,P22455,intermediate
VAL,750,73.43,0.270625,P22455,intermediate
SER,751,64.55,0.74918,P22455,intermediate
GLU,752,55.9,0.838798,P22455,intermediate
GLU,753,46.16,0.814208,P22455,disordered
TYR,754,33.68,0.893886,P22455,disordered
LEU,755,31.81,0.622222,P22455,disordered
ASP,756,35.06,0.650993,P22455,disordered
LEU,757,39.03,0.806111,P22455,disordered
ARG,758,38.15,0.833195,P22455,disordered
LEU,759,34.54,0.834444,P22455,disordered
THR,760,34.39,0.791096,P22455,disordered
PHE,761,38.39,0.479817,P22455,disordered
GLY,762,36.72,0.658824,P22455,disordered
PRO,763,32.56,0.802797,P22455,disordered
TYR,764,30.13,0.606114,P22455,disordered
SER,765,33.53,0.777049,P22455,disordered
PRO,766,33.13,0.737762,P22455,disordered
SER,767,36.04,0.808197,P22455,disordered
GLY,768,32.71,1.068235,P22455,disordered
GLY,769,32.35,0.850588,P22455,disordered
ASP,770,30.56,1.088742,P22455,disordered
ALA,771,36.7,0.904425,P22455,disordered
SER,772,31.73,0.972951,P22455,disordered
SER,773,35.93,0.869672,P22455,disordered
THR,774,29.83,0.906849,P22455,disordered
CYS,775,29.63,0.783571,P22455,disordered
SER,776,31.34,0.736885,P22455,disordered
SER,777,31.13,0.842623,P22455,disordered
SER,778,34.79,0.82377,P22455,disordered
ASP,779,29.54,0.976159,P22455,disordered
SER,780,34.49,0.967213,P22455,disordered
VAL,781,30.41,0.7425,P22455,disordered
PHE,782,28.62,0.859174,P22455,disordered
SER,783,33.49,0.712295,P22455,disordered
HIS,784,32.29,0.79433,P22455,disordered
ASP,785,31.69,0.868874,P22455,disordered
PRO,786,35.24,0.768531,P22455,disordered
LEU,787,33.27,0.919444,P22455,disordered
PRO,788,35.68,0.826573,P22455,disordered
LEU,789,30.85,0.991111,P22455,disordered
GLY,790,34.93,0.956471,P22455,disordered
SER,791,29.68,0.985246,P22455,disordered
SER,792,35.68,0.903279,P22455,disordered
SER,793,32.24,0.795082,P22455,disordered
PHE,794,33.73,0.937156,P22455,disordered
PRO,795,39.69,0.694406,P22455,disordered
PHE,796,37.27,0.968349,P22455,disordered
GLY,797,37.77,0.667059,P22455,disordered
SER,798,38.98,1.086066,P22455,disordered
GLY,799,40.26,0.84,P22455,disordered
VAL,800,51.81,0.94,P22455,intermediate
GLN,801,44.69,0.916402,P22455,disordered
THR,802,50.1,1.395205,P22455,intermediate
