aa,pos,plddt,rsa,uniprot_id,location
MET,1,63.66,1.169118,P26373,intermediate
ALA,2,79.36,0.833628,P26373,ordered
PRO,3,83.31,0.853846,P26373,ordered
SER,4,87.72,0.731967,P26373,ordered
ARG,5,87.89,1.058091,P26373,ordered
ASN,6,89.86,0.970886,P26373,ordered
GLY,7,90.34,0.565882,P26373,ordered
MET,8,91.31,0.826471,P26373,ordered
VAL,9,90.02,0.806875,P26373,ordered
LEU,10,92.98,0.743889,P26373,ordered
LYS,11,94.49,0.791943,P26373,ordered
PRO,12,94.55,0.344755,P26373,ordered
HIS,13,96.07,0.837113,P26373,ordered
PHE,14,95.74,0.643578,P26373,ordered
HIS,15,94.6,0.842268,P26373,ordered
LYS,16,96.57,0.772986,P26373,ordered
ASP,17,96.49,0.578146,P26373,ordered
TRP,18,97.39,0.430502,P26373,ordered
GLN,19,96.8,0.703175,P26373,ordered
ARG,20,97.18,0.837759,P26373,ordered
ARG,21,96.39,0.725311,P26373,ordered
VAL,22,96.88,0.53,P26373,ordered
ALA,23,97.26,0.650442,P26373,ordered
THR,24,97.3,0.541096,P26373,ordered
TRP,25,97.74,0.618147,P26373,ordered
PHE,26,97.78,0.799541,P26373,ordered
ASN,27,97.96,0.470886,P26373,ordered
GLN,28,98.29,0.470899,P26373,ordered
PRO,29,98.36,0.533566,P26373,ordered
ALA,30,98.31,0.447788,P26373,ordered
ARG,31,98.4,0.296266,P26373,ordered
LYS,32,98.59,0.63128,P26373,ordered
ILE,33,98.49,0.552747,P26373,ordered
ARG,34,98.5,0.585477,P26373,ordered
ARG,35,98.28,0.715768,P26373,ordered
ARG,36,97.86,0.6361,P26373,ordered
LYS,37,98.3,0.63981,P26373,ordered
ALA,38,97.87,0.544248,P26373,ordered
ARG,39,96.97,0.596266,P26373,ordered
GLN,40,96.23,0.465608,P26373,ordered
ALA,41,97.23,0.424779,P26373,ordered
LYS,42,96.89,0.359716,P26373,ordered
ALA,43,95.84,0.181416,P26373,ordered
ARG,44,95.29,0.755602,P26373,ordered
ARG,45,96.54,0.755602,P26373,ordered
ILE,46,94.36,0.164286,P26373,ordered
ALA,47,90.12,0.530088,P26373,ordered
PRO,48,92.87,0.375524,P26373,ordered
ARG,49,94.76,0.603734,P26373,ordered
PRO,50,95.01,0.274825,P26373,ordered
ALA,51,94.17,0.221239,P26373,ordered
SER,52,92.75,0.385246,P26373,ordered
GLY,53,94.2,0.245882,P26373,ordered
PRO,54,96.24,0.247552,P26373,ordered
ILE,55,97.22,0.007692,P26373,ordered
ARG,56,97.39,0.406639,P26373,ordered
PRO,57,97.93,0.0,P26373,ordered
ILE,58,97.34,0.350549,P26373,ordered
VAL,59,96.92,0.230625,P26373,ordered
ARG,60,95.82,0.615353,P26373,ordered
CYS,61,96.45,0.19,P26373,ordered
PRO,62,95.44,0.675524,P26373,ordered
THR,63,96.16,0.658219,P26373,ordered
VAL,64,96.15,0.8125,P26373,ordered
ARG,65,97.37,0.771784,P26373,ordered
TYR,66,97.35,0.48821,P26373,ordered
HIS,67,95.72,0.475258,P26373,ordered
THR,68,94.02,0.458904,P26373,ordered
LYS,69,95.33,0.49763,P26373,ordered
VAL,70,95.77,0.22,P26373,ordered
ARG,71,95.98,0.552282,P26373,ordered
ALA,72,96.89,0.433628,P26373,ordered
GLY,73,97.01,0.125882,P26373,ordered
ARG,74,97.3,0.752697,P26373,ordered
GLY,75,98.08,0.009412,P26373,ordered
PHE,76,98.56,0.0,P26373,ordered
SER,77,98.19,0.008197,P26373,ordered
LEU,78,98.21,0.39,P26373,ordered
GLU,79,97.92,0.402732,P26373,ordered
GLU,80,98.31,0.001639,P26373,ordered
LEU,81,98.21,0.011111,P26373,ordered
ARG,82,97.82,0.786722,P26373,ordered
VAL,83,97.87,0.54,P26373,ordered
ALA,84,97.89,0.220354,P26373,ordered
GLY,85,97.42,0.817647,P26373,ordered
ILE,86,97.39,0.122527,P26373,ordered
HIS,87,97.76,0.534021,P26373,ordered
LYS,88,97.3,0.527962,P26373,ordered
LYS,89,97.74,0.709953,P26373,ordered
VAL,90,96.79,0.445,P26373,ordered
ALA,91,97.74,0.0,P26373,ordered
ARG,92,96.56,0.582988,P26373,ordered
THR,93,96.27,0.654795,P26373,ordered
ILE,94,95.28,0.177473,P26373,ordered
GLY,95,95.96,0.242353,P26373,ordered
ILE,96,98.04,0.007143,P26373,ordered
SER,97,98.04,0.046721,P26373,ordered
VAL,98,98.34,0.26125,P26373,ordered
ASP,99,98.08,0.103974,P26373,ordered
PRO,100,97.58,0.651049,P26373,ordered
ARG,101,98.0,0.762656,P26373,ordered
ARG,102,96.66,0.221577,P26373,ordered
ARG,103,96.37,0.875519,P26373,ordered
ASN,104,95.47,0.210127,P26373,ordered
LYS,105,95.85,0.976777,P26373,ordered
SER,106,95.77,0.406557,P26373,ordered
THR,107,97.45,0.573288,P26373,ordered
GLU,108,95.79,0.715847,P26373,ordered
SER,109,95.67,0.308197,P26373,ordered
LEU,110,97.55,0.153333,P26373,ordered
GLN,111,97.61,0.630159,P26373,ordered
ALA,112,97.08,0.384071,P26373,ordered
ASN,113,98.14,0.015823,P26373,ordered
VAL,114,98.16,0.071875,P26373,ordered
GLN,115,97.66,0.475132,P26373,ordered
ARG,116,97.96,0.06805,P26373,ordered
LEU,117,98.26,0.005,P26373,ordered
LYS,118,97.84,0.545498,P26373,ordered
GLU,119,97.82,0.412022,P26373,ordered
TYR,120,97.66,0.139301,P26373,ordered
ARG,121,95.45,0.449793,P26373,ordered
SER,122,95.36,0.777049,P26373,ordered
LYS,123,95.48,0.63981,P26373,ordered
LEU,124,95.74,0.133889,P26373,ordered
ILE,125,95.54,0.35989,P26373,ordered
LEU,126,95.32,0.317778,P26373,ordered
PHE,127,94.4,0.393119,P26373,ordered
PRO,128,94.97,0.146154,P26373,ordered
ARG,129,93.78,1.00083,P26373,ordered
LYS,130,94.14,0.599526,P26373,ordered
PRO,131,91.3,0.825175,P26373,ordered
SER,132,93.86,0.757377,P26373,ordered
ALA,133,93.17,0.407965,P26373,ordered
PRO,134,93.74,0.623776,P26373,ordered
LYS,135,94.0,0.740284,P26373,ordered
LYS,136,90.85,1.026066,P26373,ordered
GLY,137,88.49,0.503529,P26373,ordered
ASP,138,93.07,0.268212,P26373,ordered
SER,139,93.54,0.144262,P26373,ordered
SER,140,92.99,0.454918,P26373,ordered
ALA,141,91.49,0.638938,P26373,ordered
GLU,142,93.15,0.776503,P26373,ordered
GLU,143,92.52,0.443169,P26373,ordered
LEU,144,92.78,0.253889,P26373,ordered
LYS,145,92.35,0.850711,P26373,ordered
LEU,146,93.3,0.763333,P26373,ordered
ALA,147,90.76,0.228319,P26373,ordered
THR,148,92.44,0.774658,P26373,ordered
GLN,149,91.19,0.378307,P26373,ordered
LEU,150,92.75,0.488889,P26373,ordered
THR,151,91.86,0.922603,P26373,ordered
GLY,152,91.95,0.387059,P26373,ordered
PRO,153,92.56,0.605594,P26373,ordered
VAL,154,92.78,0.15625,P26373,ordered
MET,155,94.71,0.168627,P26373,ordered
PRO,156,94.79,0.599301,P26373,ordered
VAL,157,94.49,0.29,P26373,ordered
ARG,158,92.53,0.786722,P26373,ordered
ASN,159,91.32,0.367722,P26373,ordered
VAL,160,92.6,0.745,P26373,ordered
TYR,161,92.76,0.653275,P26373,ordered
LYS,162,94.5,0.877725,P26373,ordered
LYS,163,95.79,0.907583,P26373,ordered
GLU,164,95.25,0.855738,P26373,ordered
LYS,165,96.43,0.845024,P26373,ordered
ALA,166,95.62,0.932743,P26373,ordered
ARG,167,96.6,0.66473,P26373,ordered
VAL,168,96.65,0.821875,P26373,ordered
ILE,169,96.78,0.676374,P26373,ordered
THR,170,97.58,0.421918,P26373,ordered
GLU,171,97.06,0.632787,P26373,ordered
GLU,172,97.09,0.820219,P26373,ordered
GLU,173,96.56,0.415847,P26373,ordered
LYS,174,96.32,0.696682,P26373,ordered
ASN,175,97.46,0.681013,P26373,ordered
PHE,176,97.74,0.581651,P26373,ordered
LYS,177,97.41,0.715166,P26373,ordered
ALA,178,97.67,0.446018,P26373,ordered
PHE,179,97.87,0.71789,P26373,ordered
ALA,180,97.75,0.40531,P26373,ordered
SER,181,98.12,0.421311,P26373,ordered
LEU,182,98.24,0.602778,P26373,ordered
ARG,183,98.17,0.570954,P26373,ordered
MET,184,98.06,0.535784,P26373,ordered
ALA,185,98.25,0.50885,P26373,ordered
ARG,186,98.23,0.657676,P26373,ordered
ALA,187,98.12,0.20177,P26373,ordered
ASN,188,98.19,0.418987,P26373,ordered
ALA,189,98.13,0.714159,P26373,ordered
ARG,190,98.07,0.749793,P26373,ordered
LEU,191,98.11,0.289444,P26373,ordered
PHE,192,98.09,0.694037,P26373,ordered
GLY,193,97.65,0.550588,P26373,ordered
ILE,194,97.53,0.458242,P26373,ordered
ARG,195,97.53,0.5,P26373,ordered
ALA,196,97.8,0.479646,P26373,ordered
LYS,197,97.9,0.593839,P26373,ordered
ARG,198,97.31,0.673029,P26373,ordered
ALA,199,97.03,0.556637,P26373,ordered
LYS,200,97.19,0.612322,P26373,ordered
GLU,201,96.52,0.424044,P26373,ordered
ALA,202,96.43,0.393805,P26373,ordered
ALA,203,95.24,0.452212,P26373,ordered
GLU,204,94.21,0.547541,P26373,ordered
GLN,205,94.3,0.647619,P26373,ordered
ASP,206,93.2,0.605298,P26373,ordered
VAL,207,91.3,0.509375,P26373,ordered
GLU,208,88.22,0.729508,P26373,ordered
LYS,209,88.92,0.828436,P26373,ordered
LYS,210,87.92,0.861137,P26373,ordered
LYS,211,75.2,1.000948,P26373,ordered
