aa,pos,plddt,rsa,uniprot_id,location
MET,1,50.5,1.192157,Q15014,intermediate
SER,2,53.63,0.939344,Q15014,intermediate
SER,3,57.69,0.904098,Q15014,intermediate
ARG,4,49.38,0.897925,Q15014,disordered
LYS,5,63.17,0.987678,Q15014,intermediate
GLN,6,51.25,0.879365,Q15014,intermediate
GLY,7,53.17,0.990588,Q15014,intermediate
SER,8,57.31,0.990164,Q15014,intermediate
GLN,9,51.45,0.956614,Q15014,intermediate
PRO,10,55.04,0.888112,Q15014,intermediate
ARG,11,47.9,0.982158,Q15014,disordered
GLY,12,36.7,0.884706,Q15014,disordered
GLN,13,48.74,0.95873,Q15014,disordered
GLN,14,39.76,0.948677,Q15014,disordered
SER,15,41.22,0.872951,Q15014,disordered
ALA,16,42.43,0.839823,Q15014,disordered
GLU,17,43.64,1.045355,Q15014,disordered
GLU,18,39.92,0.962842,Q15014,disordered
GLU,19,44.33,0.940437,Q15014,disordered
ASN,20,40.14,0.825949,Q15014,disordered
PHE,21,37.01,0.777523,Q15014,disordered
LYS,22,45.83,0.935071,Q15014,disordered
LYS,23,39.15,0.830806,Q15014,disordered
PRO,24,47.45,0.895105,Q15014,disordered
THR,25,45.42,0.909589,Q15014,disordered
ARG,26,36.75,0.997095,Q15014,disordered
SER,27,43.88,0.865574,Q15014,disordered
ASN,28,44.39,0.870886,Q15014,disordered
MET,29,45.62,0.805882,Q15014,disordered
GLN,30,40.95,0.928042,Q15014,disordered
ARG,31,46.32,0.985477,Q15014,disordered
SER,32,43.93,0.828689,Q15014,disordered
LYS,33,41.74,0.911374,Q15014,disordered
MET,34,44.51,0.765686,Q15014,disordered
ARG,35,41.49,0.934025,Q15014,disordered
GLY,36,39.65,0.856471,Q15014,disordered
ALA,37,41.16,0.833628,Q15014,disordered
SER,38,45.9,0.95082,Q15014,disordered
SER,39,44.34,0.847541,Q15014,disordered
GLY,40,40.62,0.941176,Q15014,disordered
LYS,41,41.82,0.922749,Q15014,disordered
LYS,42,39.92,0.887204,Q15014,disordered
THR,43,43.61,0.941781,Q15014,disordered
ALA,44,41.23,0.849558,Q15014,disordered
GLY,45,36.13,0.882353,Q15014,disordered
PRO,46,42.6,0.853147,Q15014,disordered
GLN,47,38.48,0.785714,Q15014,disordered
GLN,48,45.85,0.929101,Q15014,disordered
LYS,49,42.33,0.848341,Q15014,disordered
ASN,50,35.05,0.941139,Q15014,disordered
LEU,51,43.44,0.985556,Q15014,disordered
GLU,52,37.82,0.842077,Q15014,disordered
PRO,53,43.17,0.829371,Q15014,disordered
ALA,54,39.99,0.677876,Q15014,disordered
LEU,55,37.73,0.937222,Q15014,disordered
PRO,56,42.27,0.887413,Q15014,disordered
GLY,57,41.73,0.937647,Q15014,disordered
ARG,58,39.5,0.9639,Q15014,disordered
TRP,59,41.35,0.989575,Q15014,disordered
GLY,60,37.04,0.96,Q15014,disordered
GLY,61,38.02,0.915294,Q15014,disordered
ARG,62,38.77,0.982988,Q15014,disordered
SER,63,42.86,0.911475,Q15014,disordered
ALA,64,46.36,0.763717,Q15014,disordered
GLU,65,41.87,1.015301,Q15014,disordered
ASN,66,44.8,0.958861,Q15014,disordered
PRO,67,52.83,0.854545,Q15014,intermediate
PRO,68,51.18,0.876923,Q15014,intermediate
SER,69,50.28,1.013934,Q15014,intermediate
GLY,70,44.5,0.915294,Q15014,disordered
SER,71,43.51,0.912295,Q15014,disordered
VAL,72,49.08,0.73875,Q15014,disordered
ARG,73,45.56,0.837759,Q15014,disordered
LYS,74,44.83,0.836967,Q15014,disordered
THR,75,47.11,0.921918,Q15014,disordered
ARG,76,43.7,0.950622,Q15014,disordered
LYS,77,44.42,0.909479,Q15014,disordered
ASN,78,46.72,0.817722,Q15014,disordered
LYS,79,48.09,0.796682,Q15014,disordered
GLN,80,48.17,0.662434,Q15014,disordered
LYS,81,46.97,0.825118,Q15014,disordered
THR,82,50.93,0.872603,Q15014,intermediate
PRO,83,49.09,0.916084,Q15014,disordered
GLY,84,48.52,0.968235,Q15014,disordered
ASN,85,43.21,1.094304,Q15014,disordered
GLY,86,50.51,0.928235,Q15014,intermediate
ASP,87,47.59,1.064901,Q15014,disordered
GLY,88,47.34,0.848235,Q15014,disordered
GLY,89,43.24,0.922353,Q15014,disordered
SER,90,46.21,0.818852,Q15014,disordered
THR,91,44.74,0.874658,Q15014,disordered
SER,92,48.48,0.767213,Q15014,disordered
GLU,93,44.88,0.995628,Q15014,disordered
ALA,94,54.39,0.870796,Q15014,intermediate
PRO,95,41.66,0.881119,Q15014,disordered
GLN,96,44.98,0.962434,Q15014,disordered
PRO,97,59.57,0.797203,Q15014,intermediate
PRO,98,48.58,0.86993,Q15014,disordered
ARG,99,47.59,0.947303,Q15014,disordered
LYS,100,49.46,0.958294,Q15014,disordered
LYS,101,45.75,0.934123,Q15014,disordered
ARG,102,49.34,0.948133,Q15014,disordered
ALA,103,50.5,0.869027,Q15014,intermediate
ARG,104,52.32,0.924481,Q15014,intermediate
ALA,105,55.46,0.736283,Q15014,intermediate
ASP,106,51.52,0.645695,Q15014,intermediate
PRO,107,58.72,0.802098,Q15014,intermediate
THR,108,62.13,0.783562,Q15014,intermediate
VAL,109,61.74,0.758125,Q15014,intermediate
GLU,110,56.29,0.454645,Q15014,intermediate
SER,111,61.82,0.52623,Q15014,intermediate
GLU,112,61.74,0.701639,Q15014,intermediate
GLU,113,57.53,0.745902,Q15014,intermediate
ALA,114,56.05,0.426549,Q15014,intermediate
PHE,115,54.82,0.413303,Q15014,intermediate
LYS,116,54.98,0.566351,Q15014,intermediate
ASN,117,51.4,0.884177,Q15014,intermediate
ARG,118,55.25,0.53029,Q15014,intermediate
MET,119,59.99,0.553431,Q15014,intermediate
GLU,120,70.65,0.715301,Q15014,ordered
VAL,121,83.71,0.085,Q15014,ordered
LYS,122,84.69,0.690521,Q15014,ordered
VAL,123,91.06,0.145625,Q15014,ordered
LYS,124,92.94,0.718957,Q15014,ordered
ILE,125,94.08,0.175824,Q15014,ordered
PRO,126,94.55,0.155944,Q15014,ordered
GLU,127,94.31,0.655191,Q15014,ordered
GLU,128,94.12,0.609836,Q15014,ordered
LEU,129,95.59,0.0,Q15014,ordered
LYS,130,95.52,0.407109,Q15014,ordered
PRO,131,95.97,0.56993,Q15014,ordered
TRP,132,95.4,0.326641,Q15014,ordered
LEU,133,95.96,0.182222,Q15014,ordered
VAL,134,96.17,0.601875,Q15014,ordered
GLU,135,95.93,0.412022,Q15014,ordered
ASP,136,96.58,0.05298,Q15014,ordered
TRP,137,96.36,0.491892,Q15014,ordered
ASP,138,96.81,0.06755,Q15014,ordered
LEU,139,96.27,0.05,Q15014,ordered
VAL,140,96.16,0.0,Q15014,ordered
THR,141,94.04,0.271233,Q15014,ordered
ARG,142,93.78,0.702075,Q15014,ordered
GLN,143,94.11,0.406878,Q15014,ordered
LYS,144,94.65,0.350711,Q15014,ordered
GLN,145,95.86,0.150794,Q15014,ordered
LEU,146,96.38,0.092778,Q15014,ordered
PHE,147,96.56,0.050917,Q15014,ordered
GLN,148,95.8,0.221164,Q15014,ordered
LEU,149,95.1,0.218889,Q15014,ordered
PRO,150,94.75,0.562937,Q15014,ordered
ALA,151,95.58,0.123009,Q15014,ordered
LYS,152,94.14,0.758768,Q15014,ordered
LYS,153,95.43,0.391469,Q15014,ordered
ASN,154,97.09,0.209494,Q15014,ordered
VAL,155,97.97,0.0,Q15014,ordered
ASP,156,97.65,0.192715,Q15014,ordered
ALA,157,97.23,0.260177,Q15014,ordered
ILE,158,97.4,0.004396,Q15014,ordered
LEU,159,97.24,0.005556,Q15014,ordered
GLU,160,95.87,0.625683,Q15014,ordered
GLU,161,95.23,0.379235,Q15014,ordered
TYR,162,94.67,0.00524,Q15014,ordered
ALA,163,93.09,0.074336,Q15014,ordered
ASN,164,92.0,0.510127,Q15014,ordered
CYS,165,88.82,0.33,Q15014,ordered
LYS,166,88.07,0.25545,Q15014,ordered
LYS,167,84.57,0.429384,Q15014,ordered
SER,168,80.34,0.810656,Q15014,ordered
GLN,169,75.8,0.748148,Q15014,ordered
GLY,170,63.83,0.494118,Q15014,intermediate
ASN,171,55.56,0.983544,Q15014,intermediate
VAL,172,64.46,0.485625,Q15014,intermediate
ASP,173,69.56,0.801325,Q15014,intermediate
ASN,174,72.76,0.803797,Q15014,ordered
LYS,175,80.67,0.613744,Q15014,ordered
GLU,176,84.86,0.380874,Q15014,ordered
TYR,177,88.41,0.646288,Q15014,ordered
ALA,178,90.55,0.224779,Q15014,ordered
VAL,179,92.27,0.055625,Q15014,ordered
ASN,180,93.43,0.391139,Q15014,ordered
GLU,181,93.54,0.543716,Q15014,ordered
VAL,182,94.03,0.103125,Q15014,ordered
VAL,183,96.27,0.115625,Q15014,ordered
ALA,184,96.17,0.49823,Q15014,ordered
GLY,185,95.28,0.316471,Q15014,ordered
ILE,186,96.61,0.020879,Q15014,ordered
LYS,187,97.32,0.308531,Q15014,ordered
GLU,188,96.08,0.594536,Q15014,ordered
TYR,189,95.39,0.270742,Q15014,ordered
PHE,190,97.88,0.0,Q15014,ordered
ASN,191,96.9,0.275316,Q15014,ordered
VAL,192,94.63,0.59,Q15014,ordered
MET,193,95.48,0.019608,Q15014,ordered
LEU,194,96.76,0.0,Q15014,ordered
GLY,195,94.77,0.128235,Q15014,ordered
THR,196,94.03,0.70137,Q15014,ordered
GLN,197,93.76,0.426984,Q15014,ordered
LEU,198,96.8,0.023889,Q15014,ordered
LEU,199,97.14,0.116667,Q15014,ordered
TYR,200,96.85,0.251528,Q15014,ordered
LYS,201,95.03,0.73128,Q15014,ordered
PHE,202,95.88,0.090367,Q15014,ordered
GLU,203,96.83,0.002732,Q15014,ordered
ARG,204,95.92,0.426971,Q15014,ordered
PRO,205,96.01,0.137762,Q15014,ordered
GLN,206,96.27,0.115873,Q15014,ordered
TYR,207,96.58,0.185153,Q15014,ordered
ALA,208,95.55,0.422124,Q15014,ordered
GLU,209,95.0,0.426776,Q15014,ordered
ILE,210,95.39,0.089011,Q15014,ordered
LEU,211,95.0,0.403333,Q15014,ordered
LEU,212,95.11,0.837778,Q15014,ordered
ALA,213,94.54,0.579646,Q15014,ordered
HIS,214,92.44,0.374742,Q15014,ordered
PRO,215,91.94,0.693007,Q15014,ordered
ASP,216,93.24,0.974172,Q15014,ordered
ALA,217,93.5,0.248673,Q15014,ordered
PRO,218,95.94,0.331469,Q15014,ordered
MET,219,96.19,0.068627,Q15014,ordered
SER,220,97.33,0.001639,Q15014,ordered
GLN,221,97.09,0.47037,Q15014,ordered
VAL,222,97.4,0.0375,Q15014,ordered
TYR,223,97.72,0.002183,Q15014,ordered
GLY,224,97.05,0.0,Q15014,ordered
ALA,225,97.36,0.025664,Q15014,ordered
PRO,226,97.03,0.062937,Q15014,ordered
HIS,227,98.06,0.0,Q15014,ordered
LEU,228,97.67,0.0,Q15014,ordered
LEU,229,97.14,0.015556,Q15014,ordered
ARG,230,96.99,0.049793,Q15014,ordered
LEU,231,96.93,0.0,Q15014,ordered
PHE,232,96.3,0.012385,Q15014,ordered
VAL,233,93.87,0.518125,Q15014,ordered
ARG,234,92.06,0.537344,Q15014,ordered
ILE,235,91.89,0.023077,Q15014,ordered
GLY,236,89.38,0.070588,Q15014,ordered
ALA,237,87.27,0.510619,Q15014,ordered
MET,238,86.43,0.280392,Q15014,ordered
LEU,239,88.07,0.045556,Q15014,ordered
ALA,240,84.24,0.316814,Q15014,ordered
TYR,241,83.48,0.583406,Q15014,ordered
THR,242,85.16,0.304795,Q15014,ordered
PRO,243,85.62,0.904196,Q15014,ordered
LEU,244,85.86,0.355,Q15014,ordered
ASP,245,89.88,0.537748,Q15014,ordered
GLU,246,88.49,0.879781,Q15014,ordered
LYS,247,91.64,0.753555,Q15014,ordered
SER,248,90.99,0.393443,Q15014,ordered
LEU,249,90.8,0.151111,Q15014,ordered
ALA,250,91.5,0.560177,Q15014,ordered
LEU,251,92.19,0.641111,Q15014,ordered
LEU,252,92.98,0.216111,Q15014,ordered
LEU,253,93.31,0.19,Q15014,ordered
GLY,254,93.32,0.472941,Q15014,ordered
TYR,255,94.0,0.246725,Q15014,ordered
LEU,256,95.25,0.018889,Q15014,ordered
HIS,257,95.12,0.258763,Q15014,ordered
ASP,258,94.35,0.309934,Q15014,ordered
PHE,259,96.19,0.0,Q15014,ordered
LEU,260,96.71,0.0,Q15014,ordered
LYS,261,95.5,0.578673,Q15014,ordered
TYR,262,95.73,0.09869,Q15014,ordered
LEU,263,96.58,0.0,Q15014,ordered
ALA,264,95.76,0.166372,Q15014,ordered
LYS,265,95.42,0.836493,Q15014,ordered
ASN,266,94.59,0.28038,Q15014,ordered
SER,267,93.63,0.170492,Q15014,ordered
ALA,268,92.07,0.776106,Q15014,ordered
SER,269,93.35,0.718852,Q15014,ordered
LEU,270,93.64,0.101111,Q15014,ordered
PHE,271,94.04,0.05,Q15014,ordered
THR,272,91.48,0.367123,Q15014,ordered
ALA,273,90.04,0.49115,Q15014,ordered
SER,274,92.13,0.633607,Q15014,ordered
ASP,275,94.16,0.15894,Q15014,ordered
TYR,276,96.26,0.09214,Q15014,ordered
LYS,277,94.9,0.568246,Q15014,ordered
VAL,278,93.87,0.690625,Q15014,ordered
ALA,279,93.71,0.10354,Q15014,ordered
SER,280,93.14,0.538525,Q15014,ordered
ALA,281,91.55,0.656637,Q15014,ordered
GLU,282,92.11,0.55082,Q15014,ordered
TYR,283,94.93,0.072926,Q15014,ordered
HIS,284,90.31,0.290722,Q15014,ordered
ARG,285,90.49,0.691701,Q15014,ordered
LYS,286,90.18,0.509479,Q15014,ordered
ALA,287,86.69,0.138053,Q15014,ordered
LEU,288,77.55,1.034444,Q15014,ordered
