aa,pos,plddt,rsa,uniprot_id,location
MET,1,35.85,0.866667,Q15061,disordered
ALA,2,31.16,0.876991,Q15061,disordered
ALA,3,28.01,0.940708,Q15061,disordered
GLY,4,28.46,1.032941,Q15061,disordered
GLY,5,29.15,0.954118,Q15061,disordered
GLY,6,24.0,1.045882,Q15061,disordered
GLY,7,25.27,0.744706,Q15061,disordered
SER,8,26.06,0.912295,Q15061,disordered
CYS,9,23.6,0.862857,Q15061,disordered
ASP,10,22.77,0.984768,Q15061,intermediate
PRO,11,24.38,0.71958,Q15061,intermediate
LEU,12,27.91,0.721111,Q15061,intermediate
ALA,13,23.36,0.750442,Q15061,intermediate
PRO,14,31.84,0.696503,Q15061,intermediate
ALA,15,46.75,0.629204,Q15061,intermediate
GLY,16,62.35,0.484706,Q15061,intermediate
VAL,17,78.41,0.196875,Q15061,ordered
PRO,18,85.09,0.134266,Q15061,ordered
CYS,19,89.64,0.151429,Q15061,ordered
ALA,20,89.98,0.141593,Q15061,ordered
PHE,21,89.14,0.080734,Q15061,ordered
SER,22,85.59,0.058197,Q15061,ordered
PRO,23,78.85,0.314685,Q15061,ordered
HIS,24,69.75,0.730412,Q15061,intermediate
SER,25,68.14,0.615574,Q15061,intermediate
GLN,26,76.15,0.109524,Q15061,ordered
ALA,27,81.2,0.323009,Q15061,ordered
TYR,28,87.02,0.248035,Q15061,ordered
PHE,29,89.72,0.007339,Q15061,ordered
ALA,30,90.69,0.0,Q15061,ordered
LEU,31,89.88,0.013333,Q15061,ordered
ALA,32,88.11,0.00177,Q15061,ordered
SER,33,83.08,0.136885,Q15061,ordered
THR,34,78.39,0.691781,Q15061,ordered
ASP,35,75.93,0.325828,Q15061,ordered
GLY,36,78.7,0.003529,Q15061,ordered
HIS,37,84.76,0.138144,Q15061,ordered
LEU,38,87.25,0.004444,Q15061,ordered
ARG,39,88.4,0.13361,Q15061,ordered
VAL,40,89.04,0.0075,Q15061,ordered
TRP,41,88.16,0.043629,Q15061,ordered
GLU,42,87.79,0.333333,Q15061,ordered
THR,43,85.22,0.117808,Q15061,ordered
ALA,44,83.57,0.833628,Q15061,ordered
ASN,45,81.08,0.411392,Q15061,ordered
ASN,46,81.42,0.438608,Q15061,ordered
ARG,47,82.36,0.545643,Q15061,intermediate
LEU,48,83.82,0.318889,Q15061,intermediate
HIS,49,80.94,0.330928,Q15061,intermediate
GLN,50,82.22,0.068783,Q15061,intermediate
GLU,51,84.83,0.318033,Q15061,intermediate
TYR,52,84.01,0.178603,Q15061,intermediate
VAL,53,82.24,0.4175,Q15061,intermediate
PRO,54,75.78,0.070629,Q15061,intermediate
SER,55,71.01,1.063934,Q15061,intermediate
ALA,56,64.66,0.365487,Q15061,intermediate
HIS,57,58.51,0.583505,Q15061,intermediate
LEU,58,54.52,0.905556,Q15061,intermediate
SER,59,58.29,0.47377,Q15061,intermediate
GLY,60,64.47,0.064706,Q15061,intermediate
THR,61,81.0,0.217808,Q15061,intermediate
CYS,62,85.59,0.083571,Q15061,intermediate
THR,63,87.77,0.202055,Q15061,intermediate
CYS,64,89.76,0.085714,Q15061,intermediate
LEU,65,91.81,0.13,Q15061,intermediate
ALA,66,91.07,0.088496,Q15061,intermediate
TRP,67,89.46,0.096911,Q15061,intermediate
ALA,68,85.76,0.063717,Q15061,intermediate
PRO,69,76.43,0.141259,Q15061,intermediate
ALA,70,59.47,0.340708,Q15061,intermediate
ARG,71,50.65,0.507884,Q15061,intermediate
LEU,72,34.58,0.914444,Q15061,disordered
GLN,73,25.91,0.831746,Q15061,disordered
ALA,74,25.08,0.80177,Q15061,disordered
LYS,75,28.9,0.947867,Q15061,disordered
GLU,76,24.7,1.027322,Q15061,disordered
SER,77,27.51,0.7,Q15061,disordered
PRO,78,29.21,0.9,Q15061,disordered
GLN,79,36.26,0.907407,Q15061,disordered
ARG,80,31.85,0.957261,Q15061,disordered
LYS,81,30.65,0.943128,Q15061,disordered
LYS,82,33.33,0.903791,Q15061,disordered
ARG,83,35.86,0.985892,Q15061,disordered
LYS,84,29.31,0.997156,Q15061,disordered
SER,85,35.84,0.831967,Q15061,disordered
GLU,86,27.15,1.012022,Q15061,intermediate
ALA,87,24.8,0.842478,Q15061,intermediate
VAL,88,29.5,0.859375,Q15061,intermediate
GLY,89,28.05,0.749412,Q15061,intermediate
MET,90,24.69,0.841176,Q15061,intermediate
SER,91,29.59,0.631967,Q15061,intermediate
ASN,92,34.51,0.850633,Q15061,intermediate
GLN,93,49.18,0.434392,Q15061,intermediate
THR,94,52.31,0.476027,Q15061,intermediate
ASP,95,73.07,0.243709,Q15061,ordered
LEU,96,85.84,0.031667,Q15061,ordered
LEU,97,89.5,0.0,Q15061,ordered
ALA,98,91.19,0.0,Q15061,ordered
LEU,99,90.46,0.002778,Q15061,ordered
GLY,100,90.06,0.0,Q15061,ordered
THR,101,89.09,0.00137,Q15061,ordered
ALA,102,88.34,0.39646,Q15061,ordered
VAL,103,86.52,0.54,Q15061,ordered
GLY,104,88.18,0.035294,Q15061,ordered
SER,105,89.49,0.048361,Q15061,ordered
ILE,106,90.88,0.0,Q15061,ordered
LEU,107,89.68,0.068333,Q15061,ordered
LEU,108,90.27,0.0,Q15061,ordered
TYR,109,88.79,0.011354,Q15061,ordered
SER,110,87.4,0.061475,Q15061,ordered
THR,111,82.73,0.056849,Q15061,ordered
VAL,112,81.78,0.5975,Q15061,ordered
LYS,113,81.41,0.555924,Q15061,ordered
GLY,114,80.89,0.216471,Q15061,ordered
GLU,115,82.7,0.623497,Q15061,ordered
LEU,116,84.22,0.38,Q15061,ordered
HIS,117,82.46,0.520103,Q15061,ordered
SER,118,84.63,0.162295,Q15061,ordered
LYS,119,87.68,0.421801,Q15061,ordered
LEU,120,86.79,0.0,Q15061,ordered
ILE,121,79.02,0.594505,Q15061,ordered
SER,122,69.17,0.717213,Q15061,intermediate
GLY,123,72.16,0.688235,Q15061,ordered
GLY,124,80.22,0.025882,Q15061,ordered
HIS,125,90.05,0.064433,Q15061,ordered
ASP,126,88.04,0.796026,Q15061,ordered
ASN,127,90.24,0.457595,Q15061,ordered
ARG,128,90.81,0.260581,Q15061,ordered
VAL,129,93.05,0.0,Q15061,ordered
ASN,130,92.67,0.203165,Q15061,ordered
CYS,131,93.38,0.157143,Q15061,ordered
ILE,132,93.65,0.036813,Q15061,ordered
GLN,133,93.07,0.288889,Q15061,ordered
TRP,134,91.14,0.07027,Q15061,ordered
HIS,135,89.16,0.125258,Q15061,ordered
GLN,136,78.69,0.467725,Q15061,ordered
ASP,137,70.3,0.808609,Q15061,ordered
SER,138,68.85,0.454098,Q15061,intermediate
GLY,139,80.28,0.134118,Q15061,ordered
CYS,140,87.37,0.05,Q15061,ordered
LEU,141,91.87,0.0,Q15061,ordered
TYR,142,94.08,0.029258,Q15061,ordered
SER,143,94.78,0.0,Q15061,ordered
CYS,144,94.54,0.0,Q15061,ordered
SER,145,93.92,0.0,Q15061,ordered
ASP,146,93.2,0.311921,Q15061,ordered
ASP,147,92.66,0.119205,Q15061,ordered
LYS,148,94.19,0.381517,Q15061,ordered
HIS,149,94.55,0.279381,Q15061,ordered
ILE,150,95.34,0.0,Q15061,ordered
VAL,151,94.88,0.0,Q15061,ordered
GLU,152,94.47,0.028415,Q15061,ordered
TRP,153,91.92,0.000772,Q15061,ordered
ASN,154,89.87,0.259494,Q15061,ordered
VAL,155,86.54,0.034375,Q15061,ordered
GLN,156,84.95,0.761905,Q15061,ordered
THR,157,85.14,0.54863,Q15061,ordered
CYS,158,85.51,0.285,Q15061,ordered
LYS,159,88.95,0.60237,Q15061,ordered
VAL,160,92.12,0.28625,Q15061,ordered
LYS,161,90.86,0.565877,Q15061,ordered
CYS,162,92.17,0.242857,Q15061,ordered
LYS,163,93.52,0.323697,Q15061,ordered
TRP,164,94.64,0.103089,Q15061,ordered
LYS,165,93.45,0.523697,Q15061,ordered
GLY,166,88.36,0.027059,Q15061,ordered
ASP,167,89.37,0.100662,Q15061,ordered
ASN,168,88.68,0.668987,Q15061,ordered
SER,169,90.55,0.229508,Q15061,ordered
SER,170,92.17,0.379508,Q15061,ordered
VAL,171,94.02,0.003125,Q15061,ordered
SER,172,93.49,0.239344,Q15061,ordered
SER,173,93.36,0.027049,Q15061,ordered
LEU,174,94.68,0.027778,Q15061,ordered
CYS,175,93.48,0.08,Q15061,ordered
ILE,176,90.89,0.081319,Q15061,ordered
SER,177,88.37,0.044262,Q15061,ordered
PRO,178,80.94,0.345455,Q15061,ordered
ASP,179,78.69,0.370861,Q15061,ordered
GLY,180,84.76,0.121176,Q15061,ordered
LYS,181,85.93,0.447867,Q15061,ordered
MET,182,88.49,0.097059,Q15061,ordered
LEU,183,92.71,0.0,Q15061,ordered
LEU,184,94.32,0.0,Q15061,ordered
SER,185,94.99,0.016393,Q15061,ordered
ALA,186,94.19,0.0,Q15061,ordered
GLY,187,90.65,0.183529,Q15061,ordered
ARG,188,88.17,0.76639,Q15061,ordered
THR,189,91.07,0.270548,Q15061,ordered
ILE,190,93.37,0.001648,Q15061,ordered
LYS,191,92.92,0.154028,Q15061,ordered
LEU,192,92.32,0.027778,Q15061,ordered
TRP,193,92.55,0.059846,Q15061,ordered
VAL,194,91.37,0.16125,Q15061,ordered
LEU,195,89.42,0.096667,Q15061,ordered
GLU,196,88.25,0.844262,Q15061,ordered
THR,197,90.65,0.556164,Q15061,ordered
LYS,198,90.8,0.252607,Q15061,ordered
GLU,199,91.93,0.615301,Q15061,ordered
VAL,200,91.83,0.451875,Q15061,ordered
TYR,201,87.95,0.385153,Q15061,ordered
ARG,202,87.92,0.207054,Q15061,ordered
HIS,203,89.45,0.424742,Q15061,ordered
PHE,204,89.98,0.022936,Q15061,ordered
THR,205,87.8,0.540411,Q15061,ordered
GLY,206,86.38,0.189412,Q15061,ordered
HIS,207,89.4,0.119072,Q15061,ordered
ALA,208,90.06,1.031858,Q15061,ordered
THR,209,90.07,0.326712,Q15061,ordered
PRO,210,90.51,0.553147,Q15061,ordered
VAL,211,92.74,0.02625,Q15061,ordered
SER,212,90.47,0.345902,Q15061,ordered
SER,213,90.31,0.168852,Q15061,ordered
LEU,214,92.62,0.053333,Q15061,ordered
MET,215,91.92,0.283824,Q15061,ordered
PHE,216,89.63,0.051835,Q15061,ordered
THR,217,83.22,0.015068,Q15061,ordered
THR,218,75.27,0.10274,Q15061,ordered
ILE,219,68.74,0.332418,Q15061,intermediate
ARG,220,63.91,0.161826,Q15061,intermediate
PRO,221,58.36,0.365734,Q15061,intermediate
PRO,222,54.98,0.893706,Q15061,intermediate
ASN,223,50.86,0.903797,Q15061,intermediate
GLU,224,54.35,0.382514,Q15061,intermediate
SER,225,49.62,0.909836,Q15061,intermediate
GLN,226,50.33,0.614815,Q15061,intermediate
PRO,227,50.69,0.432168,Q15061,intermediate
PHE,228,52.33,0.475229,Q15061,intermediate
ASP,229,48.07,0.574172,Q15061,intermediate
GLY,230,50.0,0.028235,Q15061,intermediate
ILE,231,57.37,0.032967,Q15061,intermediate
THR,232,57.99,0.412329,Q15061,intermediate
GLY,233,67.05,0.242353,Q15061,intermediate
LEU,234,78.61,0.08,Q15061,ordered
TYR,235,86.51,0.104803,Q15061,ordered
PHE,236,90.81,0.0,Q15061,ordered
LEU,237,92.81,0.019444,Q15061,ordered
SER,238,93.94,0.0,Q15061,ordered
GLY,239,92.66,0.003529,Q15061,ordered
ALA,240,92.66,0.00177,Q15061,ordered
VAL,241,90.12,0.240625,Q15061,ordered
HIS,242,88.89,0.662887,Q15061,ordered
ASP,243,91.19,0.219868,Q15061,ordered
ARG,244,92.56,0.604149,Q15061,ordered
LEU,245,92.61,0.36,Q15061,ordered
LEU,246,92.64,0.001111,Q15061,ordered
ASN,247,92.4,0.108861,Q15061,ordered
VAL,248,91.05,0.014375,Q15061,ordered
TRP,249,88.9,0.017375,Q15061,ordered
GLN,250,85.5,0.195767,Q15061,ordered
VAL,251,81.12,0.015625,Q15061,ordered
ARG,252,72.98,0.377178,Q15061,ordered
SER,253,66.6,0.233607,Q15061,intermediate
GLU,254,59.73,0.953552,Q15061,intermediate
ASN,255,61.27,0.549367,Q15061,intermediate
LYS,256,60.64,0.935071,Q15061,intermediate
GLU,257,64.07,0.632787,Q15061,intermediate
LYS,258,69.28,0.43981,Q15061,intermediate
SER,259,79.61,0.444262,Q15061,ordered
ALA,260,83.77,0.164602,Q15061,ordered
VAL,261,85.83,0.100625,Q15061,ordered
MET,262,88.75,0.020588,Q15061,ordered
SER,263,91.7,0.164754,Q15061,ordered
PHE,264,93.11,0.041284,Q15061,ordered
THR,265,93.83,0.25,Q15061,ordered
VAL,266,93.39,0.09375,Q15061,ordered
THR,267,91.66,0.429452,Q15061,ordered
ASP,268,91.66,0.347682,Q15061,ordered
GLU,269,90.52,0.145355,Q15061,ordered
PRO,270,91.71,0.041259,Q15061,ordered
VAL,271,89.12,0.380625,Q15061,ordered
TYR,272,91.1,0.140611,Q15061,ordered
ILE,273,91.98,0.048901,Q15061,ordered
ASP,274,89.89,0.188742,Q15061,ordered
LEU,275,87.96,0.132778,Q15061,ordered
THR,276,84.01,0.147945,Q15061,ordered
LEU,277,77.46,0.357222,Q15061,ordered
SER,278,75.09,0.047541,Q15061,ordered
GLU,279,71.52,0.653005,Q15061,ordered
ASN,280,69.61,0.540506,Q15061,intermediate
LYS,281,66.82,0.663981,Q15061,intermediate
GLU,282,69.39,0.874317,Q15061,intermediate
GLU,283,77.87,0.33388,Q15061,ordered
PRO,284,82.25,0.32028,Q15061,ordered
VAL,285,85.34,0.056875,Q15061,ordered
LYS,286,88.56,0.147867,Q15061,ordered
LEU,287,91.86,0.008889,Q15061,ordered
ALA,288,92.73,0.0,Q15061,ordered
VAL,289,93.95,0.0,Q15061,ordered
VAL,290,93.38,0.004375,Q15061,ordered
CYS,291,92.75,0.02,Q15061,ordered
ARG,292,90.86,0.646888,Q15061,ordered
ASP,293,89.82,0.408609,Q15061,ordered
GLY,294,89.39,0.042353,Q15061,ordered
GLN,295,92.51,0.184127,Q15061,ordered
VAL,296,93.6,0.0,Q15061,ordered
HIS,297,93.75,0.055155,Q15061,ordered
LEU,298,92.84,0.091111,Q15061,ordered
PHE,299,91.21,0.024312,Q15061,ordered
GLU,300,88.29,0.398361,Q15061,ordered
HIS,301,85.91,0.315979,Q15061,ordered
ILE,302,84.11,0.323626,Q15061,ordered
LEU,303,78.21,0.107222,Q15061,ordered
ASN,304,70.51,0.752532,Q15061,ordered
GLY,305,69.4,0.309412,Q15061,intermediate
TYR,306,74.33,0.560699,Q15061,ordered
CYS,307,78.63,0.292857,Q15061,ordered
LYS,308,77.43,0.833649,Q15061,ordered
LYS,309,85.77,0.78673,Q15061,ordered
PRO,310,87.83,0.43986,Q15061,ordered
LEU,311,89.73,0.258889,Q15061,ordered
THR,312,91.07,0.715753,Q15061,ordered
SER,313,90.59,0.218852,Q15061,ordered
ASN,314,87.73,0.515823,Q15061,ordered
CYS,315,90.46,0.059286,Q15061,ordered
THR,316,92.53,0.136986,Q15061,ordered
ILE,317,92.9,0.003846,Q15061,ordered
GLN,318,92.33,0.288889,Q15061,ordered
ILE,319,91.12,0.002198,Q15061,ordered
ALA,320,89.22,0.086726,Q15061,ordered
THR,321,85.44,0.261644,Q15061,ordered
PRO,322,80.15,0.298601,Q15061,ordered
GLY,323,69.57,0.457647,Q15061,intermediate
LYS,324,61.2,0.65545,Q15061,intermediate
GLY,325,59.66,0.647059,Q15061,intermediate
LYS,326,58.26,0.886256,Q15061,intermediate
LYS,327,60.67,0.763981,Q15061,intermediate
SER,328,67.45,0.403279,Q15061,intermediate
THR,329,74.52,0.715753,Q15061,ordered
PRO,330,80.39,0.593706,Q15061,ordered
LYS,331,82.87,0.639336,Q15061,ordered
PRO,332,86.24,0.625175,Q15061,ordered
ILE,333,87.78,0.068132,Q15061,ordered
PRO,334,90.17,0.408392,Q15061,ordered
ILE,335,91.94,0.036813,Q15061,ordered
LEU,336,89.25,0.063889,Q15061,ordered
ALA,337,90.79,0.0,Q15061,ordered
ALA,338,91.95,0.00177,Q15061,ordered
GLY,339,89.65,0.0,Q15061,ordered
PHE,340,88.51,0.08211,Q15061,ordered
CYS,341,84.42,0.115714,Q15061,ordered
SER,342,79.15,0.85,Q15061,ordered
ASP,343,77.86,0.434437,Q15061,ordered
LYS,344,77.65,0.360664,Q15061,ordered
MET,345,81.69,0.486765,Q15061,ordered
SER,346,87.84,0.059016,Q15061,ordered
LEU,347,89.24,0.0,Q15061,ordered
LEU,348,91.39,0.055556,Q15061,ordered
LEU,349,91.79,0.001111,Q15061,ordered
VAL,350,91.23,0.001875,Q15061,ordered
TYR,351,90.42,0.071616,Q15061,ordered
GLY,352,85.28,0.255294,Q15061,ordered
SER,353,83.6,0.44918,Q15061,ordered
TRP,354,80.59,0.310425,Q15061,ordered
PHE,355,76.18,0.787615,Q15061,ordered
GLN,356,79.2,0.49418,Q15061,ordered
PRO,357,84.98,0.041259,Q15061,intermediate
THR,358,86.2,0.268493,Q15061,intermediate
ILE,359,89.41,0.056593,Q15061,intermediate
GLU,360,87.68,0.244809,Q15061,intermediate
ARG,361,89.72,0.621992,Q15061,intermediate
VAL,362,88.44,0.076875,Q15061,intermediate
ALA,363,85.84,0.580531,Q15061,intermediate
LEU,364,81.14,0.158333,Q15061,intermediate
ASN,365,72.8,0.565823,Q15061,intermediate
SER,366,66.81,0.759016,Q15061,intermediate
ARG,367,72.85,0.943568,Q15061,intermediate
GLU,368,82.49,0.54153,Q15061,intermediate
PRO,369,85.24,0.646154,Q15061,intermediate
HIS,370,87.75,0.451031,Q15061,intermediate
MET,371,87.76,0.111765,Q15061,intermediate
CYS,372,87.04,0.486429,Q15061,intermediate
LEU,373,87.34,0.117778,Q15061,intermediate
VAL,374,85.94,0.5125,Q15061,intermediate
ARG,375,83.74,0.279668,Q15061,intermediate
ASP,376,73.17,0.555629,Q15061,intermediate
ILE,377,66.86,0.406044,Q15061,intermediate
SER,378,53.37,0.637705,Q15061,intermediate
ASN,379,43.86,0.837975,Q15061,disordered
CYS,380,38.73,0.422143,Q15061,disordered
TRP,381,35.8,0.983012,Q15061,disordered
ALA,382,34.29,0.59115,Q15061,disordered
PRO,383,37.97,0.804895,Q15061,disordered
LYS,384,32.65,0.905213,Q15061,disordered
VAL,385,43.27,0.608125,Q15061,disordered
GLU,386,40.64,0.59235,Q15061,disordered
THR,387,44.31,0.840411,Q15061,disordered
ALA,388,51.82,0.828319,Q15061,intermediate
ILE,389,51.78,0.321429,Q15061,intermediate
THR,390,42.71,0.477397,Q15061,disordered
LYS,391,48.73,0.654028,Q15061,disordered
VAL,392,40.53,0.604375,Q15061,disordered
ARG,393,37.5,0.93444,Q15061,disordered
THR,394,36.24,0.763699,Q15061,disordered
PRO,395,35.59,0.760839,Q15061,disordered
VAL,396,41.84,0.858125,Q15061,disordered
MET,397,38.42,0.708824,Q15061,disordered
ASN,398,43.42,0.671519,Q15061,disordered
SER,399,51.95,1.053279,Q15061,intermediate
GLU,400,46.87,0.918033,Q15061,disordered
ALA,401,44.81,0.49115,Q15061,disordered
LYS,402,50.6,0.845498,Q15061,intermediate
VAL,403,58.3,0.730625,Q15061,intermediate
LEU,404,46.35,0.851111,Q15061,disordered
VAL,405,54.59,0.735625,Q15061,intermediate
PRO,406,45.2,0.841259,Q15061,disordered
GLY,407,41.08,0.721176,Q15061,disordered
ILE,408,49.01,0.67967,Q15061,disordered
PRO,409,33.72,0.886713,Q15061,disordered
GLY,410,42.67,0.395294,Q15061,disordered
HIS,411,41.59,0.650515,Q15061,disordered
HIS,412,31.84,0.965979,Q15061,disordered
ALA,413,31.03,0.723894,Q15061,disordered
ALA,414,29.75,0.897345,Q15061,disordered
ILE,415,32.18,0.838462,Q15061,disordered
LYS,416,31.21,0.872512,Q15061,disordered
PRO,417,30.05,0.768531,Q15061,disordered
ALA,418,26.95,0.818584,Q15061,disordered
PRO,419,32.31,0.760839,Q15061,disordered
PRO,420,29.98,0.808392,Q15061,disordered
GLN,421,27.73,0.995767,Q15061,disordered
THR,422,26.99,0.770548,Q15061,disordered
GLU,423,26.14,0.98306,Q15061,disordered
GLN,424,24.14,0.937566,Q15061,disordered
VAL,425,30.86,0.885625,Q15061,disordered
GLU,426,25.63,0.822951,Q15061,disordered
SER,427,31.29,0.97623,Q15061,disordered
LYS,428,27.96,0.782464,Q15061,disordered
ARG,429,30.83,0.942739,Q15061,disordered
LYS,430,33.13,0.842654,Q15061,disordered
SER,431,28.37,0.894262,Q15061,disordered
GLY,432,30.93,0.947059,Q15061,disordered
GLY,433,31.21,0.943529,Q15061,disordered
ASN,434,31.95,0.991772,Q15061,disordered
GLU,435,40.74,0.995082,Q15061,disordered
VAL,436,54.44,0.57375,Q15061,intermediate
SER,437,47.31,0.45082,Q15061,disordered
ILE,438,63.3,0.696154,Q15061,intermediate
GLU,439,65.75,0.800546,Q15061,intermediate
GLU,440,57.49,0.730055,Q15061,intermediate
ARG,441,56.87,0.69668,Q15061,intermediate
LEU,442,54.29,0.647222,Q15061,intermediate
GLY,443,57.52,0.792941,Q15061,intermediate
ALA,444,54.57,0.754867,Q15061,intermediate
MET,445,48.43,0.683824,Q15061,disordered
ASP,446,37.74,0.976821,Q15061,disordered
ILE,447,42.85,0.780769,Q15061,disordered
ASP,448,33.2,0.965563,Q15061,disordered
THR,449,34.65,0.787671,Q15061,disordered
HIS,450,36.05,0.88299,Q15061,disordered
LYS,451,30.56,0.984834,Q15061,disordered
LYS,452,29.7,0.945972,Q15061,disordered
GLY,453,28.12,0.908235,Q15061,intermediate
LYS,454,26.79,0.96872,Q15061,intermediate
GLU,455,25.93,0.859563,Q15061,intermediate
ASP,456,27.23,0.925828,Q15061,intermediate
LEU,457,31.25,0.827222,Q15061,intermediate
GLN,458,33.99,0.896296,Q15061,intermediate
THR,459,37.22,0.767123,Q15061,intermediate
ASN,460,50.45,0.812025,Q15061,intermediate
SER,461,73.31,0.37459,Q15061,ordered
PHE,462,81.43,0.352752,Q15061,ordered
PRO,463,83.87,0.1,Q15061,ordered
VAL,464,86.37,0.555,Q15061,ordered
LEU,465,86.4,0.308333,Q15061,ordered
LEU,466,86.69,0.001111,Q15061,ordered
THR,467,87.63,0.14726,Q15061,ordered
GLN,468,86.79,0.505291,Q15061,ordered
GLY,469,87.55,0.0,Q15061,ordered
LEU,470,88.36,0.103333,Q15061,ordered
GLU,471,87.24,0.690164,Q15061,ordered
SER,472,85.61,0.580328,Q15061,ordered
ASN,473,82.11,0.606962,Q15061,ordered
ASP,474,87.62,0.327815,Q15061,ordered
PHE,475,81.92,0.551376,Q15061,ordered
GLU,476,83.48,0.62459,Q15061,ordered
MET,477,82.56,0.261275,Q15061,ordered
LEU,478,84.96,0.026111,Q15061,ordered
ASN,479,83.95,0.374684,Q15061,ordered
LYS,480,83.43,0.609005,Q15061,ordered
VAL,481,85.33,0.009375,Q15061,ordered
LEU,482,84.28,0.001667,Q15061,ordered
GLN,483,84.65,0.625926,Q15061,ordered
THR,484,84.99,0.203425,Q15061,ordered
ARG,485,82.49,0.773859,Q15061,ordered
ASN,486,85.56,0.537342,Q15061,ordered
VAL,487,83.91,0.453125,Q15061,ordered
ASN,488,84.31,0.71519,Q15061,ordered
LEU,489,86.32,0.315556,Q15061,ordered
ILE,490,87.15,0.007143,Q15061,ordered
LYS,491,87.3,0.536019,Q15061,ordered
LYS,492,86.79,0.644076,Q15061,ordered
THR,493,88.04,0.040411,Q15061,ordered
VAL,494,88.13,0.009375,Q15061,ordered
LEU,495,88.12,0.588333,Q15061,ordered
ARG,496,86.61,0.751867,Q15061,ordered
MET,497,84.6,0.070588,Q15061,ordered
PRO,498,86.4,0.344755,Q15061,ordered
LEU,499,82.93,0.512222,Q15061,ordered
HIS,500,86.15,0.638144,Q15061,ordered
THR,501,87.21,0.027397,Q15061,ordered
ILE,502,88.12,0.013736,Q15061,ordered
ILE,503,86.4,0.211538,Q15061,ordered
PRO,504,87.82,0.361538,Q15061,ordered
LEU,505,88.64,0.014444,Q15061,ordered
LEU,506,87.46,0.072778,Q15061,ordered
GLN,507,85.67,0.609524,Q15061,ordered
GLU,508,86.43,0.092896,Q15061,ordered
LEU,509,87.87,0.021667,Q15061,ordered
THR,510,85.37,0.110959,Q15061,ordered
LYS,511,84.48,0.509953,Q15061,ordered
ARG,512,83.74,0.141494,Q15061,ordered
LEU,513,85.0,0.037222,Q15061,ordered
GLN,514,81.94,0.288889,Q15061,ordered
GLY,515,80.12,0.441176,Q15061,ordered
HIS,516,78.3,0.670619,Q15061,ordered
PRO,517,76.33,0.603497,Q15061,ordered
ASN,518,75.87,0.746835,Q15061,ordered
SER,519,80.82,0.298361,Q15061,ordered
ALA,520,82.6,0.048673,Q15061,ordered
VAL,521,84.32,0.606875,Q15061,ordered
LEU,522,85.44,0.187778,Q15061,ordered
MET,523,88.32,0.042647,Q15061,ordered
VAL,524,88.0,0.455,Q15061,ordered
GLN,525,88.29,0.349206,Q15061,ordered
TRP,526,91.25,0.014286,Q15061,ordered
LEU,527,90.46,0.038889,Q15061,ordered
LYS,528,90.89,0.669194,Q15061,ordered
CYS,529,90.05,0.098571,Q15061,ordered
VAL,530,90.13,0.00375,Q15061,ordered
LEU,531,88.79,0.355556,Q15061,ordered
THR,532,90.2,0.667123,Q15061,ordered
VAL,533,88.66,0.23,Q15061,ordered
HIS,534,89.29,0.091753,Q15061,ordered
ALA,535,88.27,0.456637,Q15061,ordered
SER,536,88.4,0.67459,Q15061,ordered
TYR,537,88.66,0.266376,Q15061,ordered
LEU,538,85.73,0.055,Q15061,ordered
SER,539,85.29,0.718852,Q15061,ordered
THR,540,88.32,0.691781,Q15061,ordered
LEU,541,81.62,0.211111,Q15061,ordered
PRO,542,78.02,0.827273,Q15061,ordered
ASP,543,78.42,0.590066,Q15061,ordered
LEU,544,77.2,0.251111,Q15061,ordered
VAL,545,79.23,0.735625,Q15061,ordered
PRO,546,81.41,0.665035,Q15061,ordered
GLN,547,75.51,0.41164,Q15061,ordered
LEU,548,80.85,0.241667,Q15061,ordered
GLY,549,83.2,0.271765,Q15061,ordered
THR,550,84.18,0.456849,Q15061,ordered
LEU,551,84.66,0.047778,Q15061,ordered
TYR,552,85.38,0.654585,Q15061,ordered
GLN,553,86.15,0.662963,Q15061,ordered
LEU,554,84.75,0.118889,Q15061,ordered
MET,555,84.7,0.421569,Q15061,ordered
GLU,556,87.16,0.369399,Q15061,ordered
SER,557,85.3,0.477049,Q15061,ordered
ARG,558,83.46,0.424896,Q15061,ordered
VAL,559,88.0,0.645,Q15061,ordered
LYS,560,89.06,0.610427,Q15061,ordered
THR,561,88.87,0.537671,Q15061,ordered
PHE,562,88.84,0.653211,Q15061,ordered
GLN,563,88.26,0.769312,Q15061,ordered
LYS,564,89.78,0.716114,Q15061,ordered
LEU,565,91.9,0.611667,Q15061,ordered
SER,566,90.25,0.513934,Q15061,ordered
HIS,567,89.98,0.591237,Q15061,ordered
LEU,568,93.54,0.599444,Q15061,ordered
HIS,569,93.68,0.562887,Q15061,ordered
GLY,570,94.49,0.370588,Q15061,ordered
LYS,571,93.83,0.518957,Q15061,intermediate
LEU,572,93.46,0.517222,Q15061,intermediate
ILE,573,94.18,0.466484,Q15061,intermediate
LEU,574,91.83,0.625,Q15061,intermediate
LEU,575,91.38,0.572778,Q15061,intermediate
ILE,576,92.61,0.513187,Q15061,intermediate
THR,577,91.94,0.562329,Q15061,intermediate
GLN,578,90.19,0.643915,Q15061,intermediate
VAL,579,88.61,0.4975,Q15061,intermediate
THR,580,88.97,0.425342,Q15061,intermediate
ALA,581,86.95,0.438938,Q15061,intermediate
SER,582,82.8,0.345082,Q15061,intermediate
GLU,583,79.8,0.639344,Q15061,intermediate
LYS,584,77.07,0.762559,Q15061,intermediate
THR,585,66.53,0.671233,Q15061,intermediate
LYS,586,58.32,0.787204,Q15061,intermediate
GLY,587,56.47,0.794118,Q15061,intermediate
ALA,588,47.35,0.564602,Q15061,disordered
THR,589,47.36,0.910959,Q15061,disordered
SER,590,43.59,0.82541,Q15061,disordered
PRO,591,54.17,0.829371,Q15061,intermediate
GLY,592,42.88,1.027059,Q15061,disordered
GLN,593,52.0,0.933862,Q15061,intermediate
LYS,594,48.59,0.899526,Q15061,disordered
ALA,595,51.46,0.618584,Q15061,intermediate
LYS,596,57.02,0.948341,Q15061,intermediate
LEU,597,51.09,0.751667,Q15061,intermediate
VAL,598,59.62,0.685,Q15061,intermediate
TYR,599,55.21,0.814847,Q15061,intermediate
GLU,600,51.3,0.9,Q15061,intermediate
GLU,601,44.44,0.848634,Q15061,disordered
GLU,602,41.17,0.991803,Q15061,disordered
SER,603,43.29,0.903279,Q15061,disordered
SER,604,39.3,0.764754,Q15061,disordered
GLU,605,42.66,1.035519,Q15061,disordered
GLU,606,36.7,0.83224,Q15061,disordered
GLU,607,36.21,0.756831,Q15061,disordered
SER,608,32.41,0.693443,Q15061,disordered
ASP,609,33.09,0.660265,Q15061,disordered
ASP,610,37.79,0.970199,Q15061,disordered
GLU,611,37.04,0.823497,Q15061,disordered
ILE,612,37.76,0.828571,Q15061,disordered
ALA,613,33.07,0.760177,Q15061,disordered
ASP,614,32.98,0.859603,Q15061,disordered
LYS,615,36.01,0.763033,Q15061,disordered
ASP,616,33.29,0.913245,Q15061,disordered
SER,617,40.29,0.806557,Q15061,disordered
GLU,618,30.92,0.894536,Q15061,disordered
ASP,619,35.91,0.775497,Q15061,disordered
ASN,620,34.82,0.776582,Q15061,disordered
TRP,621,39.65,0.71583,Q15061,disordered
ASP,622,30.7,0.887417,Q15061,disordered
GLU,623,34.89,0.666667,Q15061,disordered
ASP,624,30.12,1.043709,Q15061,disordered
GLU,625,33.44,0.838251,Q15061,disordered
GLU,626,30.74,0.912568,Q15061,disordered
GLU,627,32.99,0.97377,Q15061,disordered
SER,628,31.58,0.756557,Q15061,disordered
GLU,629,32.25,0.918579,Q15061,disordered
SER,630,34.59,0.894262,Q15061,disordered
GLU,631,34.94,0.760656,Q15061,disordered
LYS,632,36.32,0.765877,Q15061,disordered
ASP,633,36.52,0.853642,Q15061,disordered
GLU,634,36.8,0.906011,Q15061,disordered
ASP,635,39.53,0.948344,Q15061,disordered
VAL,636,40.7,0.77125,Q15061,disordered
GLU,637,37.77,0.839344,Q15061,disordered
GLU,638,38.24,0.885792,Q15061,disordered
GLU,639,38.19,0.960109,Q15061,disordered
ASP,640,40.4,0.925166,Q15061,disordered
GLU,641,39.77,0.900546,Q15061,disordered
ASP,642,39.9,1.02053,Q15061,disordered
ALA,643,41.14,0.923009,Q15061,disordered
GLU,644,37.69,0.856831,Q15061,disordered
GLY,645,39.92,0.92,Q15061,disordered
LYS,646,36.65,0.707583,Q15061,disordered
ASP,647,39.5,0.876821,Q15061,disordered
GLU,648,39.7,0.95082,Q15061,disordered
GLU,649,39.23,0.889071,Q15061,disordered
ASN,650,37.52,0.994304,Q15061,disordered
GLY,651,38.23,0.835294,Q15061,disordered
GLU,652,37.36,1.017486,Q15061,disordered
ASP,653,36.65,0.907285,Q15061,disordered
ARG,654,37.74,0.930705,Q15061,disordered
ASP,655,37.36,0.82053,Q15061,disordered
THR,656,34.86,0.90274,Q15061,disordered
ALA,657,37.07,0.943363,Q15061,disordered
SER,658,34.01,0.884426,Q15061,disordered
GLU,659,38.81,0.760656,Q15061,disordered
LYS,660,39.65,0.698104,Q15061,disordered
GLU,661,38.95,0.933333,Q15061,disordered
LEU,662,43.28,0.951111,Q15061,disordered
ASN,663,36.27,0.992405,Q15061,disordered
GLY,664,44.26,1.001176,Q15061,disordered
ASP,665,39.89,1.001325,Q15061,disordered
SER,666,41.33,0.87459,Q15061,disordered
ASP,667,45.08,0.840397,Q15061,disordered
LEU,668,44.53,0.806667,Q15061,disordered
ASP,669,46.67,0.846358,Q15061,disordered
PRO,670,49.05,0.696503,Q15061,disordered
GLU,671,41.67,0.949727,Q15061,disordered
ASN,672,46.86,0.832278,Q15061,disordered
GLU,673,40.51,0.797814,Q15061,disordered
SER,674,48.52,0.835246,Q15061,disordered
GLU,675,44.41,0.959563,Q15061,disordered
GLU,676,49.61,0.975956,Q15061,disordered
GLU,677,47.76,1.397268,Q15061,disordered
