aa,pos,plddt,rsa,uniprot_id,location
MET,1,35.99,1.038725,Q53GL7,intermediate
VAL,2,32.43,0.6625,Q53GL7,intermediate
ALA,3,29.67,0.699115,Q53GL7,intermediate
MET,4,33.09,0.786765,Q53GL7,intermediate
ALA,5,42.4,0.430088,Q53GL7,intermediate
GLU,6,39.14,0.663388,Q53GL7,intermediate
ALA,7,42.5,0.617699,Q53GL7,intermediate
GLU,8,53.49,0.413661,Q53GL7,intermediate
ALA,9,55.5,0.402655,Q53GL7,intermediate
GLY,10,64.57,0.390588,Q53GL7,intermediate
VAL,11,82.7,0.141875,Q53GL7,ordered
ALA,12,87.96,0.113274,Q53GL7,ordered
VAL,13,90.83,0.001875,Q53GL7,ordered
GLU,14,91.24,0.142077,Q53GL7,ordered
VAL,15,91.03,0.003125,Q53GL7,ordered
ARG,16,88.08,0.273859,Q53GL7,ordered
GLY,17,82.89,0.469412,Q53GL7,ordered
LEU,18,84.64,0.005556,Q53GL7,ordered
PRO,19,81.06,0.318182,Q53GL7,ordered
PRO,20,78.29,0.678322,Q53GL7,ordered
ALA,21,80.26,0.820354,Q53GL7,ordered
VAL,22,83.25,0.073125,Q53GL7,ordered
PRO,23,86.2,0.458042,Q53GL7,ordered
ASP,24,88.57,0.404636,Q53GL7,ordered
GLU,25,88.01,0.766667,Q53GL7,ordered
LEU,26,88.35,0.378889,Q53GL7,ordered
LEU,27,89.15,0.001111,Q53GL7,ordered
THR,28,89.61,0.237671,Q53GL7,ordered
LEU,29,87.89,0.597778,Q53GL7,ordered
TYR,30,90.67,0.030131,Q53GL7,ordered
PHE,31,91.3,0.001376,Q53GL7,ordered
GLU,32,90.75,0.453005,Q53GL7,ordered
ASN,33,87.55,0.356962,Q53GL7,ordered
ARG,34,85.88,0.636515,Q53GL7,ordered
ARG,35,82.97,0.963071,Q53GL7,ordered
ARG,36,83.33,0.50249,Q53GL7,ordered
SER,37,85.72,0.0,Q53GL7,ordered
GLY,38,85.18,0.187059,Q53GL7,ordered
GLY,39,87.05,0.0,Q53GL7,ordered
GLY,40,89.72,0.003529,Q53GL7,ordered
PRO,41,90.23,0.376224,Q53GL7,ordered
VAL,42,89.53,0.10375,Q53GL7,ordered
LEU,43,88.86,0.666667,Q53GL7,ordered
SER,44,88.31,0.327049,Q53GL7,ordered
TRP,45,90.36,0.181081,Q53GL7,ordered
GLN,46,89.17,0.17037,Q53GL7,ordered
ARG,47,89.18,0.224896,Q53GL7,ordered
LEU,48,87.2,0.081667,Q53GL7,ordered
GLY,49,84.57,0.244706,Q53GL7,ordered
CYS,50,83.15,0.413571,Q53GL7,ordered
GLY,51,87.0,0.045882,Q53GL7,ordered
GLY,52,89.15,0.064706,Q53GL7,ordered
VAL,53,92.19,0.094375,Q53GL7,ordered
LEU,54,91.98,0.001667,Q53GL7,ordered
THR,55,91.22,0.142466,Q53GL7,ordered
PHE,56,92.15,0.003211,Q53GL7,ordered
ARG,57,88.9,0.658921,Q53GL7,ordered
GLU,58,86.81,0.523497,Q53GL7,ordered
PRO,59,88.3,0.456643,Q53GL7,ordered
ALA,60,88.5,0.385841,Q53GL7,ordered
ASP,61,91.05,0.0,Q53GL7,ordered
ALA,62,89.5,0.011504,Q53GL7,ordered
GLU,63,88.55,0.636066,Q53GL7,ordered
ARG,64,89.46,0.381743,Q53GL7,ordered
VAL,65,90.46,0.00125,Q53GL7,ordered
LEU,66,88.92,0.345,Q53GL7,ordered
ALA,67,87.46,0.772566,Q53GL7,ordered
GLN,68,86.31,0.308466,Q53GL7,ordered
ALA,69,71.69,0.852212,Q53GL7,ordered
ASP,70,80.68,0.818543,Q53GL7,ordered
HIS,71,87.88,0.029381,Q53GL7,ordered
GLU,72,85.68,0.594536,Q53GL7,ordered
LEU,73,83.98,0.026111,Q53GL7,ordered
HIS,74,79.24,0.703093,Q53GL7,ordered
GLY,75,76.78,0.748235,Q53GL7,ordered
ALA,76,79.53,0.126549,Q53GL7,ordered
GLN,77,85.53,0.810582,Q53GL7,ordered
LEU,78,88.51,0.053889,Q53GL7,ordered
SER,79,87.05,0.546721,Q53GL7,ordered
LEU,80,90.67,0.219444,Q53GL7,ordered
ARG,81,88.59,0.13527,Q53GL7,ordered
PRO,82,90.07,0.571329,Q53GL7,ordered
ALA,83,89.33,0.055752,Q53GL7,ordered
PRO,84,88.9,0.060839,Q53GL7,ordered
PRO,85,87.21,0.154545,Q53GL7,ordered
ARG,86,87.41,0.302905,Q53GL7,ordered
ALA,87,87.98,0.017699,Q53GL7,ordered
PRO,88,82.43,0.518881,Q53GL7,ordered
ALA,89,86.51,0.112389,Q53GL7,ordered
ARG,90,91.5,0.070954,Q53GL7,ordered
LEU,91,91.31,0.013889,Q53GL7,ordered
LEU,92,91.32,0.006667,Q53GL7,ordered
LEU,93,90.7,0.0,Q53GL7,ordered
GLN,94,89.27,0.225926,Q53GL7,ordered
GLY,95,84.36,0.423529,Q53GL7,ordered
LEU,96,85.35,0.065556,Q53GL7,ordered
PRO,97,83.66,0.092308,Q53GL7,ordered
PRO,98,78.2,0.841259,Q53GL7,ordered
GLY,99,77.55,0.74,Q53GL7,ordered
THR,100,84.33,0.24726,Q53GL7,ordered
THR,101,85.88,0.367808,Q53GL7,ordered
PRO,102,85.7,0.447552,Q53GL7,ordered
GLN,103,88.02,0.568254,Q53GL7,ordered
ARG,104,88.04,0.473029,Q53GL7,ordered
LEU,105,88.97,0.033333,Q53GL7,ordered
GLU,106,90.86,0.22459,Q53GL7,ordered
GLN,107,89.67,0.62963,Q53GL7,ordered
HIS,108,89.94,0.064948,Q53GL7,ordered
VAL,109,89.51,0.001875,Q53GL7,ordered
GLN,110,90.42,0.261376,Q53GL7,ordered
ALA,111,89.3,0.280531,Q53GL7,ordered
LEU,112,89.85,0.002222,Q53GL7,ordered
LEU,113,90.02,0.001111,Q53GL7,ordered
ARG,114,90.07,0.647303,Q53GL7,ordered
ALA,115,87.55,0.504425,Q53GL7,ordered
SER,116,87.47,0.203279,Q53GL7,ordered
GLY,117,84.52,0.815294,Q53GL7,ordered
LEU,118,86.7,0.14,Q53GL7,ordered
PRO,119,83.44,0.683217,Q53GL7,ordered
VAL,120,86.11,0.448125,Q53GL7,ordered
GLN,121,87.57,0.098413,Q53GL7,ordered
PRO,122,86.08,0.688112,Q53GL7,ordered
CYS,123,88.67,0.07,Q53GL7,ordered
CYS,124,89.03,0.558571,Q53GL7,ordered
ALA,125,88.95,0.223894,Q53GL7,ordered
LEU,126,87.73,0.218333,Q53GL7,ordered
ALA,127,81.77,0.419469,Q53GL7,ordered
SER,128,83.14,0.32541,Q53GL7,ordered
PRO,129,79.23,0.130769,Q53GL7,ordered
ARG,130,78.86,0.13278,Q53GL7,ordered
PRO,131,79.92,0.595105,Q53GL7,ordered
ASP,132,85.15,0.288742,Q53GL7,ordered
ARG,133,88.64,0.206639,Q53GL7,ordered
ALA,134,89.48,0.081416,Q53GL7,ordered
LEU,135,91.57,0.026111,Q53GL7,ordered
VAL,136,91.65,0.0,Q53GL7,ordered
GLN,137,90.15,0.293122,Q53GL7,ordered
LEU,138,89.58,0.038889,Q53GL7,ordered
PRO,139,85.34,0.616084,Q53GL7,ordered
LYS,140,85.22,0.674408,Q53GL7,ordered
PRO,141,86.16,0.613287,Q53GL7,ordered
LEU,142,82.52,0.132222,Q53GL7,ordered
SER,143,83.88,0.446721,Q53GL7,ordered
GLU,144,80.83,0.437705,Q53GL7,ordered
ALA,145,83.02,0.541593,Q53GL7,ordered
ASP,146,87.38,0.300662,Q53GL7,ordered
VAL,147,84.47,0.006875,Q53GL7,ordered
ARG,148,84.43,0.612448,Q53GL7,ordered
VAL,149,87.82,0.42375,Q53GL7,ordered
LEU,150,87.68,0.0,Q53GL7,ordered
GLU,151,86.62,0.28306,Q53GL7,ordered
GLU,152,86.29,0.65847,Q53GL7,ordered
GLN,153,86.77,0.256085,Q53GL7,ordered
ALA,154,85.04,0.00177,Q53GL7,ordered
GLN,155,80.54,0.628042,Q53GL7,ordered
ASN,156,81.74,0.791139,Q53GL7,ordered
LEU,157,81.09,0.354444,Q53GL7,ordered
GLY,158,77.94,0.395294,Q53GL7,ordered
LEU,159,81.17,0.094444,Q53GL7,ordered
GLU,160,72.71,0.690164,Q53GL7,ordered
GLY,161,72.76,0.92,Q53GL7,ordered
THR,162,81.18,0.340411,Q53GL7,ordered
LEU,163,82.13,0.727222,Q53GL7,ordered
VAL,164,85.86,0.019375,Q53GL7,ordered
SER,165,86.76,0.440164,Q53GL7,ordered
LEU,166,90.0,0.090556,Q53GL7,ordered
ALA,167,88.77,0.176991,Q53GL7,ordered
ARG,168,89.79,0.111618,Q53GL7,ordered
VAL,169,91.01,0.003125,Q53GL7,ordered
PRO,170,91.61,0.088811,Q53GL7,ordered
GLN,171,91.88,0.18254,Q53GL7,ordered
ALA,172,92.16,0.0,Q53GL7,ordered
ARG,173,91.86,0.170954,Q53GL7,ordered
ALA,174,92.55,0.092035,Q53GL7,ordered
VAL,175,92.43,0.0,Q53GL7,ordered
ARG,176,91.29,0.041079,Q53GL7,ordered
VAL,177,88.27,0.09,Q53GL7,ordered
VAL,178,77.87,0.263125,Q53GL7,ordered
GLY,179,65.62,0.544706,Q53GL7,intermediate
ASP,180,54.84,0.928477,Q53GL7,intermediate
GLY,181,47.77,0.3,Q53GL7,intermediate
ALA,182,47.45,0.761947,Q53GL7,intermediate
SER,183,55.64,0.72459,Q53GL7,intermediate
VAL,184,61.77,0.098125,Q53GL7,intermediate
ASP,185,71.25,0.362252,Q53GL7,ordered
LEU,186,80.31,0.337778,Q53GL7,ordered
LEU,187,76.53,0.513333,Q53GL7,ordered
LEU,188,80.81,0.229444,Q53GL7,ordered
LEU,189,84.26,0.045556,Q53GL7,ordered
GLU,190,84.94,0.193443,Q53GL7,ordered
LEU,191,82.6,0.352222,Q53GL7,ordered
TYR,192,86.35,0.030568,Q53GL7,ordered
LEU,193,86.78,0.003889,Q53GL7,ordered
GLU,194,88.36,0.265574,Q53GL7,ordered
ASN,195,82.22,0.125949,Q53GL7,ordered
GLU,196,84.58,0.654098,Q53GL7,ordered
ARG,197,78.82,0.860166,Q53GL7,ordered
ARG,198,77.6,0.251867,Q53GL7,ordered
SER,199,84.62,0.0,Q53GL7,ordered
GLY,200,84.26,0.095294,Q53GL7,ordered
GLY,201,85.49,0.011765,Q53GL7,ordered
GLY,202,87.81,0.064706,Q53GL7,ordered
PRO,203,84.96,0.45035,Q53GL7,ordered
LEU,204,87.16,0.091667,Q53GL7,ordered
GLU,205,87.08,0.465027,Q53GL7,ordered
ASP,206,86.67,0.468212,Q53GL7,ordered
LEU,207,86.56,0.161667,Q53GL7,ordered
GLN,208,84.04,0.440212,Q53GL7,ordered
ARG,209,82.44,0.438174,Q53GL7,ordered
LEU,210,77.38,0.033889,Q53GL7,ordered
PRO,211,70.94,0.508392,Q53GL7,ordered
GLY,212,65.1,0.787059,Q53GL7,intermediate
PRO,213,67.84,0.842657,Q53GL7,intermediate
LEU,214,73.79,0.206111,Q53GL7,ordered
GLY,215,81.52,0.134118,Q53GL7,ordered
THR,216,87.17,0.05137,Q53GL7,ordered
VAL,217,89.74,0.0725,Q53GL7,ordered
ALA,218,91.43,0.004425,Q53GL7,ordered
SER,219,91.98,0.159836,Q53GL7,ordered
PHE,220,92.24,0.0,Q53GL7,ordered
GLN,221,88.38,0.485185,Q53GL7,ordered
GLN,222,87.67,0.547619,Q53GL7,ordered
TRP,223,90.49,0.209653,Q53GL7,ordered
GLN,224,92.43,0.420635,Q53GL7,ordered
VAL,225,91.95,0.03625,Q53GL7,ordered
ALA,226,91.9,0.0,Q53GL7,ordered
GLU,227,91.95,0.09235,Q53GL7,ordered
ARG,228,91.79,0.36639,Q53GL7,ordered
VAL,229,91.49,0.0,Q53GL7,ordered
LEU,230,90.1,0.239444,Q53GL7,ordered
GLN,231,87.33,0.783069,Q53GL7,ordered
GLN,232,84.05,0.47619,Q53GL7,intermediate
GLU,233,84.2,0.76612,Q53GL7,intermediate
HIS,234,86.45,0.011856,Q53GL7,intermediate
ARG,235,80.41,0.715353,Q53GL7,intermediate
LEU,236,77.74,0.037222,Q53GL7,intermediate
GLN,237,71.79,0.584656,Q53GL7,intermediate
GLY,238,67.08,1.027059,Q53GL7,intermediate
SER,239,67.9,0.383607,Q53GL7,intermediate
GLU,240,79.76,0.772131,Q53GL7,intermediate
LEU,241,83.53,0.087222,Q53GL7,intermediate
SER,242,85.57,0.497541,Q53GL7,intermediate
LEU,243,90.17,0.164444,Q53GL7,intermediate
VAL,244,90.96,0.06625,Q53GL7,intermediate
PRO,245,92.39,0.076224,Q53GL7,intermediate
HIS,246,90.25,0.039691,Q53GL7,intermediate
TYR,247,89.93,0.079913,Q53GL7,intermediate
ASP,248,85.32,0.498675,Q53GL7,intermediate
ILE,249,84.3,0.061538,Q53GL7,intermediate
LEU,250,85.12,0.018333,Q53GL7,intermediate
GLU,251,80.33,0.247541,Q53GL7,intermediate
PRO,252,71.88,0.229371,Q53GL7,intermediate
GLU,253,62.84,0.645355,Q53GL7,intermediate
GLU,254,52.94,0.881421,Q53GL7,intermediate
LEU,255,51.53,0.339444,Q53GL7,intermediate
ALA,256,42.06,0.49469,Q53GL7,disordered
GLU,257,32.68,0.803825,Q53GL7,disordered
ASN,258,31.38,0.879114,Q53GL7,disordered
THR,259,33.78,0.922603,Q53GL7,disordered
SER,260,27.12,0.916393,Q53GL7,disordered
GLY,261,27.25,1.017647,Q53GL7,disordered
GLY,262,30.0,0.949412,Q53GL7,disordered
ASP,263,27.9,0.94702,Q53GL7,disordered
HIS,264,31.08,0.945361,Q53GL7,disordered
PRO,265,30.39,0.754545,Q53GL7,disordered
SER,266,26.95,0.868852,Q53GL7,disordered
THR,267,31.35,0.973973,Q53GL7,disordered
GLN,268,28.18,1.008466,Q53GL7,disordered
GLY,269,26.18,0.798824,Q53GL7,disordered
PRO,270,28.07,0.89021,Q53GL7,disordered
ARG,271,25.85,0.976349,Q53GL7,disordered
ALA,272,27.44,0.89646,Q53GL7,disordered
THR,273,27.32,0.840411,Q53GL7,disordered
LYS,274,30.47,0.950711,Q53GL7,disordered
HIS,275,28.28,0.619072,Q53GL7,disordered
ALA,276,27.96,0.80708,Q53GL7,disordered
LEU,277,27.88,0.861111,Q53GL7,disordered
LEU,278,30.35,0.986111,Q53GL7,disordered
ARG,279,28.61,0.90332,Q53GL7,disordered
THR,280,29.06,1.055479,Q53GL7,disordered
GLY,281,25.58,0.870588,Q53GL7,disordered
GLY,282,25.96,0.868235,Q53GL7,disordered
LEU,283,27.18,0.950556,Q53GL7,disordered
VAL,284,25.06,0.86875,Q53GL7,disordered
THR,285,27.36,0.856164,Q53GL7,disordered
ALA,286,27.07,0.833628,Q53GL7,disordered
LEU,287,29.43,0.968333,Q53GL7,disordered
GLN,288,27.74,1.04127,Q53GL7,disordered
GLY,289,30.57,0.830588,Q53GL7,disordered
ALA,290,32.12,1.021239,Q53GL7,disordered
GLY,291,29.44,0.744706,Q53GL7,disordered
THR,292,29.22,0.895205,Q53GL7,disordered
VAL,293,28.11,0.8525,Q53GL7,disordered
THR,294,32.41,0.907534,Q53GL7,disordered
MET,295,30.46,0.906863,Q53GL7,disordered
GLY,296,32.16,0.967059,Q53GL7,disordered
SER,297,30.55,1.029508,Q53GL7,disordered
GLY,298,33.98,0.847059,Q53GL7,disordered
GLU,299,34.02,0.953552,Q53GL7,disordered
GLU,300,34.27,0.921311,Q53GL7,disordered
PRO,301,39.0,0.797203,Q53GL7,disordered
GLY,302,34.08,0.830588,Q53GL7,disordered
GLN,303,34.99,0.919577,Q53GL7,disordered
SER,304,33.68,1.018852,Q53GL7,disordered
GLY,305,33.33,0.778824,Q53GL7,disordered
ALA,306,34.39,0.990265,Q53GL7,disordered
SER,307,33.46,0.768852,Q53GL7,disordered
LEU,308,36.01,0.782778,Q53GL7,disordered
ARG,309,33.19,0.920747,Q53GL7,disordered
THR,310,38.94,0.942466,Q53GL7,disordered
GLY,311,30.38,0.817647,Q53GL7,disordered
PRO,312,46.63,0.832867,Q53GL7,disordered
MET,313,33.24,0.85,Q53GL7,disordered
VAL,314,36.1,0.59625,Q53GL7,disordered
GLN,315,35.95,0.930688,Q53GL7,disordered
GLY,316,37.6,0.841176,Q53GL7,disordered
ARG,317,35.51,1.0361,Q53GL7,disordered
GLY,318,33.19,0.882353,Q53GL7,disordered
ILE,319,35.85,0.903846,Q53GL7,disordered
MET,320,30.03,0.845588,Q53GL7,disordered
THR,321,35.15,0.984247,Q53GL7,disordered
THR,322,30.6,0.977397,Q53GL7,disordered
GLY,323,35.38,0.994118,Q53GL7,disordered
SER,324,32.47,1.037705,Q53GL7,disordered
GLY,325,34.38,0.844706,Q53GL7,disordered
GLN,326,31.81,1.003704,Q53GL7,disordered
GLU,327,34.51,0.918579,Q53GL7,disordered
PRO,328,40.85,0.865035,Q53GL7,disordered
GLY,329,35.99,0.947059,Q53GL7,disordered
GLN,330,34.76,0.920635,Q53GL7,disordered
SER,331,32.29,1.014754,Q53GL7,disordered
GLY,332,34.91,0.974118,Q53GL7,disordered
THR,333,31.06,0.94863,Q53GL7,disordered
SER,334,32.82,0.785246,Q53GL7,disordered
LEU,335,30.92,0.894444,Q53GL7,disordered
ARG,336,33.99,0.934855,Q53GL7,disordered
THR,337,33.58,0.843836,Q53GL7,disordered
GLY,338,31.67,0.921176,Q53GL7,disordered
PRO,339,41.29,0.818881,Q53GL7,disordered
MET,340,32.26,0.962255,Q53GL7,disordered
GLY,341,35.71,0.804706,Q53GL7,disordered
SER,342,34.48,0.932787,Q53GL7,disordered
LEU,343,30.95,0.930556,Q53GL7,disordered
GLY,344,32.92,0.912941,Q53GL7,disordered
GLN,345,31.06,0.924339,Q53GL7,disordered
ALA,346,33.12,0.849558,Q53GL7,disordered
GLU,347,30.05,0.971585,Q53GL7,disordered
GLN,348,25.68,0.963492,Q53GL7,disordered
VAL,349,34.01,0.95,Q53GL7,disordered
SER,350,28.42,0.736066,Q53GL7,disordered
SER,351,28.59,0.79918,Q53GL7,disordered
MET,352,29.71,0.836765,Q53GL7,disordered
PRO,353,34.68,0.746154,Q53GL7,disordered
MET,354,29.95,0.962745,Q53GL7,disordered
GLY,355,29.24,0.842353,Q53GL7,disordered
SER,356,26.48,0.968852,Q53GL7,disordered
LEU,357,30.17,0.901667,Q53GL7,disordered
GLU,358,24.84,0.931694,Q53GL7,disordered
HIS,359,31.49,0.922165,Q53GL7,disordered
GLU,360,25.3,1.002186,Q53GL7,disordered
GLY,361,25.76,0.841176,Q53GL7,disordered
LEU,362,28.83,0.888889,Q53GL7,disordered
VAL,363,28.78,0.74375,Q53GL7,disordered
SER,364,26.18,0.770492,Q53GL7,disordered
LEU,365,29.34,0.938889,Q53GL7,disordered
ARG,366,27.4,0.829876,Q53GL7,disordered
PRO,367,31.89,0.904895,Q53GL7,disordered
VAL,368,30.01,0.81375,Q53GL7,disordered
GLY,369,27.9,0.745882,Q53GL7,disordered
LEU,370,30.56,0.941111,Q53GL7,disordered
GLN,371,31.27,0.939153,Q53GL7,disordered
GLU,372,28.19,1.019672,Q53GL7,disordered
GLN,373,31.44,0.945503,Q53GL7,disordered
GLU,374,31.37,1.013661,Q53GL7,disordered
GLY,375,31.26,0.856471,Q53GL7,disordered
PRO,376,36.46,0.816783,Q53GL7,disordered
MET,377,31.73,0.931863,Q53GL7,disordered
SER,378,32.22,0.840164,Q53GL7,disordered
LEU,379,35.02,0.983889,Q53GL7,disordered
GLY,380,30.64,0.862353,Q53GL7,disordered
PRO,381,36.8,0.891608,Q53GL7,disordered
VAL,382,34.63,0.91875,Q53GL7,disordered
GLY,383,29.66,0.825882,Q53GL7,disordered
SER,384,36.98,1.05,Q53GL7,disordered
ALA,385,35.67,0.861947,Q53GL7,disordered
GLY,386,29.5,0.910588,Q53GL7,disordered
PRO,387,37.39,0.901399,Q53GL7,disordered
VAL,388,29.27,0.784375,Q53GL7,disordered
GLU,389,32.87,0.994536,Q53GL7,disordered
THR,390,27.12,0.780822,Q53GL7,disordered
SER,391,35.44,0.990984,Q53GL7,disordered
LYS,392,33.65,0.917062,Q53GL7,disordered
GLY,393,27.56,0.827059,Q53GL7,disordered
LEU,394,33.84,0.983333,Q53GL7,disordered
LEU,395,29.16,0.933333,Q53GL7,disordered
GLY,396,31.29,0.975294,Q53GL7,disordered
GLN,397,30.87,0.874603,Q53GL7,disordered
GLU,398,32.9,1.004372,Q53GL7,disordered
GLY,399,30.05,0.885882,Q53GL7,disordered
LEU,400,28.15,0.876111,Q53GL7,disordered
VAL,401,32.12,0.86125,Q53GL7,disordered
GLU,402,24.78,0.831148,Q53GL7,disordered
ILE,403,32.82,0.853846,Q53GL7,disordered
ALA,404,30.93,0.766372,Q53GL7,disordered
MET,405,26.13,0.803922,Q53GL7,disordered
ASP,406,30.88,0.962914,Q53GL7,disordered
SER,407,29.08,0.831148,Q53GL7,disordered
PRO,408,39.25,0.674126,Q53GL7,disordered
GLU,409,28.07,0.909836,Q53GL7,disordered
GLN,410,32.35,0.765608,Q53GL7,disordered
GLU,411,29.97,0.856831,Q53GL7,disordered
GLY,412,26.54,0.818824,Q53GL7,disordered
LEU,413,31.37,1.018333,Q53GL7,disordered
VAL,414,27.6,0.946875,Q53GL7,disordered
GLY,415,27.89,0.792941,Q53GL7,disordered
PRO,416,33.22,0.884615,Q53GL7,disordered
MET,417,24.11,0.834314,Q53GL7,disordered
GLU,418,28.55,0.988525,Q53GL7,disordered
ILE,419,24.5,0.838462,Q53GL7,disordered
THR,420,28.97,0.871918,Q53GL7,disordered
MET,421,25.69,0.887745,Q53GL7,disordered
GLY,422,25.36,0.890588,Q53GL7,disordered
SER,423,29.02,0.861475,Q53GL7,disordered
LEU,424,27.74,1.033333,Q53GL7,disordered
GLU,425,27.3,0.740437,Q53GL7,disordered
LYS,426,26.81,0.848815,Q53GL7,disordered
ALA,427,28.33,0.90531,Q53GL7,disordered
GLY,428,26.79,0.616471,Q53GL7,disordered
PRO,429,26.06,0.946853,Q53GL7,disordered
VAL,430,29.31,0.85625,Q53GL7,disordered
SER,431,26.24,0.744262,Q53GL7,disordered
PRO,432,33.42,0.809091,Q53GL7,disordered
GLY,433,27.67,0.807059,Q53GL7,disordered
CYS,434,27.63,0.71,Q53GL7,disordered
VAL,435,31.48,0.721875,Q53GL7,intermediate
LYS,436,30.06,0.757346,Q53GL7,intermediate
LEU,437,34.85,0.783333,Q53GL7,intermediate
ALA,438,30.5,0.950442,Q53GL7,intermediate
GLY,439,31.82,0.788235,Q53GL7,intermediate
GLN,440,36.87,0.821164,Q53GL7,intermediate
GLU,441,40.06,1.054645,Q53GL7,intermediate
GLY,442,51.82,0.705882,Q53GL7,intermediate
LEU,443,63.74,0.652222,Q53GL7,intermediate
VAL,444,76.27,0.211875,Q53GL7,ordered
GLU,445,80.76,0.439891,Q53GL7,ordered
MET,446,82.0,0.144608,Q53GL7,ordered
VAL,447,85.03,0.4525,Q53GL7,ordered
LEU,448,86.08,0.052778,Q53GL7,ordered
LEU,449,85.17,0.542222,Q53GL7,ordered
MET,450,85.0,0.101471,Q53GL7,ordered
GLU,451,80.07,0.61694,Q53GL7,ordered
PRO,452,82.4,0.369231,Q53GL7,ordered
GLY,453,83.4,0.050588,Q53GL7,ordered
ALA,454,85.42,0.082301,Q53GL7,ordered
MET,455,86.21,0.038235,Q53GL7,ordered
ARG,456,86.72,0.365145,Q53GL7,ordered
PHE,457,88.3,0.033028,Q53GL7,ordered
LEU,458,86.48,0.0,Q53GL7,ordered
GLN,459,84.66,0.351323,Q53GL7,ordered
LEU,460,84.57,0.545556,Q53GL7,ordered
TYR,461,85.92,0.356769,Q53GL7,ordered
HIS,462,83.56,0.203608,Q53GL7,ordered
GLU,463,82.39,0.696175,Q53GL7,ordered
ASP,464,83.13,0.912583,Q53GL7,ordered
LEU,465,84.78,0.401667,Q53GL7,ordered
LEU,466,83.75,0.152778,Q53GL7,ordered
ALA,467,81.12,0.697345,Q53GL7,ordered
GLY,468,79.88,0.748235,Q53GL7,ordered
LEU,469,81.83,0.160556,Q53GL7,ordered
GLY,470,71.33,0.84,Q53GL7,ordered
ASP,471,75.58,0.819868,Q53GL7,ordered
VAL,472,84.06,0.0925,Q53GL7,ordered
ALA,473,83.34,0.463717,Q53GL7,ordered
LEU,474,84.58,0.239444,Q53GL7,ordered
LEU,475,82.48,0.462222,Q53GL7,ordered
PRO,476,83.3,0.513287,Q53GL7,ordered
LEU,477,81.99,0.193333,Q53GL7,ordered
GLU,478,75.82,0.811475,Q53GL7,ordered
GLY,479,59.95,0.345882,Q53GL7,intermediate
PRO,480,56.15,0.978322,Q53GL7,intermediate
ASP,481,59.01,0.942384,Q53GL7,intermediate
MET,482,68.27,0.544118,Q53GL7,intermediate
THR,483,78.78,0.19726,Q53GL7,ordered
GLY,484,86.15,0.0,Q53GL7,ordered
PHE,485,87.22,0.033028,Q53GL7,ordered
ARG,486,86.35,0.365975,Q53GL7,ordered
LEU,487,89.11,0.0,Q53GL7,ordered
CYS,488,85.96,0.268571,Q53GL7,ordered
GLY,489,85.9,0.051765,Q53GL7,ordered
ALA,490,85.26,0.427434,Q53GL7,ordered
GLN,491,84.82,0.494709,Q53GL7,ordered
ALA,492,86.16,0.659292,Q53GL7,ordered
SER,493,86.71,0.256557,Q53GL7,ordered
CYS,494,87.05,0.0,Q53GL7,ordered
GLN,495,87.07,0.459788,Q53GL7,ordered
ALA,496,87.44,0.518584,Q53GL7,ordered
ALA,497,88.68,0.012389,Q53GL7,ordered
GLU,498,87.79,0.153005,Q53GL7,ordered
GLU,499,87.64,0.697814,Q53GL7,ordered
PHE,500,89.18,0.35,Q53GL7,ordered
LEU,501,89.06,0.0,Q53GL7,ordered
ARG,502,87.2,0.470124,Q53GL7,ordered
SER,503,86.55,0.652459,Q53GL7,ordered
LEU,504,87.27,0.106667,Q53GL7,ordered
LEU,505,85.04,0.235,Q53GL7,ordered
GLY,506,82.76,0.823529,Q53GL7,ordered
SER,507,83.55,0.410656,Q53GL7,ordered
ILE,508,85.47,0.132967,Q53GL7,ordered
SER,509,83.05,0.109836,Q53GL7,ordered
CYS,510,84.08,0.583571,Q53GL7,ordered
HIS,511,84.68,0.288144,Q53GL7,ordered
VAL,512,84.96,0.4275,Q53GL7,ordered
LEU,513,85.54,0.057222,Q53GL7,ordered
CYS,514,82.31,0.416429,Q53GL7,ordered
LEU,515,82.15,0.046667,Q53GL7,ordered
GLU,516,73.83,0.596175,Q53GL7,ordered
HIS,517,74.6,0.302577,Q53GL7,ordered
PRO,518,73.93,0.348951,Q53GL7,ordered
GLY,519,75.57,0.24,Q53GL7,ordered
SER,520,82.41,0.008197,Q53GL7,ordered
ALA,521,79.85,0.085841,Q53GL7,ordered
ARG,522,78.08,0.456432,Q53GL7,ordered
PHE,523,84.29,0.079817,Q53GL7,ordered
LEU,524,84.97,0.0,Q53GL7,ordered
LEU,525,82.93,0.398333,Q53GL7,ordered
GLY,526,81.18,0.192941,Q53GL7,ordered
PRO,527,81.38,0.718881,Q53GL7,ordered
GLU,528,82.16,0.651366,Q53GL7,ordered
GLY,529,84.85,0.0,Q53GL7,ordered
GLN,530,87.83,0.326455,Q53GL7,ordered
HIS,531,87.69,0.662887,Q53GL7,ordered
LEU,532,88.56,0.126111,Q53GL7,intermediate
LEU,533,89.56,0.025,Q53GL7,intermediate
GLN,534,87.86,0.488889,Q53GL7,intermediate
GLY,535,88.26,0.482353,Q53GL7,intermediate
LEU,536,88.7,0.059444,Q53GL7,intermediate
GLU,537,89.59,0.072131,Q53GL7,intermediate
ALA,538,86.47,0.688496,Q53GL7,intermediate
GLN,539,88.16,0.677778,Q53GL7,intermediate
PHE,540,87.06,0.069725,Q53GL7,intermediate
GLN,541,86.39,0.596296,Q53GL7,intermediate
CYS,542,88.78,0.001429,Q53GL7,intermediate
VAL,543,88.05,0.0025,Q53GL7,intermediate
PHE,544,88.12,0.046789,Q53GL7,intermediate
GLY,545,83.16,0.02,Q53GL7,intermediate
THR,546,82.02,0.270548,Q53GL7,intermediate
GLU,547,73.03,0.394536,Q53GL7,intermediate
ARG,548,71.47,0.466805,Q53GL7,intermediate
LEU,549,71.83,0.0,Q53GL7,intermediate
ALA,550,59.7,0.378761,Q53GL7,intermediate
THR,551,57.0,0.569178,Q53GL7,intermediate
ALA,552,53.56,0.315929,Q53GL7,intermediate
THR,553,52.63,0.293151,Q53GL7,intermediate
LEU,554,46.96,0.730556,Q53GL7,disordered
ASP,555,44.21,0.923841,Q53GL7,disordered
THR,556,42.52,0.421233,Q53GL7,disordered
GLY,557,31.7,0.689412,Q53GL7,disordered
LEU,558,34.52,0.692222,Q53GL7,disordered
GLU,559,33.31,0.856284,Q53GL7,disordered
GLU,560,36.41,0.810929,Q53GL7,disordered
VAL,561,33.99,0.67375,Q53GL7,disordered
ASP,562,34.94,0.174834,Q53GL7,disordered
PRO,563,36.83,0.381119,Q53GL7,disordered
THR,564,38.6,0.067123,Q53GL7,disordered
GLU,565,35.26,0.554645,Q53GL7,disordered
ALA,566,35.78,0.69646,Q53GL7,disordered
LEU,567,31.36,0.447222,Q53GL7,disordered
PRO,568,30.9,0.695804,Q53GL7,disordered
VAL,569,31.34,0.611875,Q53GL7,disordered
LEU,570,29.57,0.601111,Q53GL7,disordered
PRO,571,34.14,0.672028,Q53GL7,disordered
GLY,572,29.9,0.992941,Q53GL7,disordered
ASN,573,31.11,0.68481,Q53GL7,disordered
ALA,574,28.75,0.753982,Q53GL7,disordered
HIS,575,29.57,0.930412,Q53GL7,disordered
THR,576,27.66,0.765753,Q53GL7,disordered
LEU,577,26.59,0.859444,Q53GL7,disordered
TRP,578,28.92,0.960232,Q53GL7,disordered
THR,579,29.45,0.793836,Q53GL7,disordered
PRO,580,30.88,0.868531,Q53GL7,disordered
ASP,581,29.38,1.009934,Q53GL7,disordered
SER,582,32.13,0.848361,Q53GL7,disordered
THR,583,31.53,1.008219,Q53GL7,disordered
GLY,584,30.12,0.883529,Q53GL7,disordered
GLY,585,26.57,0.910588,Q53GL7,disordered
ASP,586,35.46,1.007947,Q53GL7,disordered
GLN,587,39.43,0.944444,Q53GL7,disordered
GLU,588,40.54,0.994536,Q53GL7,disordered
ASP,589,55.41,0.638411,Q53GL7,intermediate
VAL,590,60.59,0.320625,Q53GL7,intermediate
SER,591,72.41,0.268852,Q53GL7,intermediate
LEU,592,73.77,0.387778,Q53GL7,intermediate
GLU,593,73.98,0.734426,Q53GL7,intermediate
GLU,594,73.73,0.547541,Q53GL7,intermediate
VAL,595,73.63,0.123125,Q53GL7,intermediate
ARG,596,72.33,0.204979,Q53GL7,intermediate
GLU,597,72.9,0.668306,Q53GL7,intermediate
LEU,598,67.84,0.337222,Q53GL7,intermediate
LEU,599,69.47,0.056667,Q53GL7,intermediate
ALA,600,70.89,0.020354,Q53GL7,intermediate
THR,601,70.81,0.700685,Q53GL7,intermediate
LEU,602,61.12,0.747778,Q53GL7,intermediate
GLU,603,62.35,0.580874,Q53GL7,intermediate
GLY,604,49.07,0.714118,Q53GL7,disordered
LEU,605,54.91,0.41,Q53GL7,intermediate
ASP,606,53.63,0.961589,Q53GL7,intermediate
LEU,607,53.87,0.553889,Q53GL7,intermediate
ASP,608,43.87,1.011258,Q53GL7,disordered
GLY,609,35.27,0.717647,Q53GL7,disordered
GLU,610,32.46,1.044262,Q53GL7,disordered
ASP,611,30.09,0.872848,Q53GL7,disordered
TRP,612,29.34,0.896525,Q53GL7,disordered
LEU,613,24.19,0.906667,Q53GL7,disordered
PRO,614,33.43,0.758042,Q53GL7,disordered
ARG,615,30.73,0.964315,Q53GL7,disordered
GLU,616,29.39,0.872131,Q53GL7,disordered
LEU,617,31.43,0.977778,Q53GL7,disordered
GLU,618,32.5,0.884153,Q53GL7,disordered
GLU,619,35.85,1.006557,Q53GL7,disordered
GLU,620,34.41,1.02623,Q53GL7,disordered
GLY,621,31.29,0.877647,Q53GL7,disordered
PRO,622,35.89,0.800699,Q53GL7,disordered
GLN,623,33.32,0.892593,Q53GL7,disordered
GLU,624,35.38,0.871038,Q53GL7,disordered
GLN,625,33.7,0.98254,Q53GL7,disordered
PRO,626,38.51,0.806993,Q53GL7,disordered
GLU,627,37.17,0.989617,Q53GL7,disordered
GLU,628,38.16,0.923497,Q53GL7,disordered
GLU,629,36.71,0.88306,Q53GL7,disordered
VAL,630,37.71,0.745625,Q53GL7,disordered
THR,631,35.31,0.845205,Q53GL7,disordered
PRO,632,36.21,0.858741,Q53GL7,disordered
GLY,633,38.26,0.884706,Q53GL7,disordered
HIS,634,32.37,0.82268,Q53GL7,disordered
GLU,635,36.42,1.040437,Q53GL7,disordered
GLU,636,32.03,0.894536,Q53GL7,disordered
GLU,637,34.28,0.979781,Q53GL7,disordered
GLU,638,34.22,0.939344,Q53GL7,disordered
PRO,639,33.7,0.878322,Q53GL7,disordered
VAL,640,34.33,0.88,Q53GL7,disordered
ALA,641,30.35,0.715044,Q53GL7,disordered
PRO,642,32.23,0.875524,Q53GL7,disordered
SER,643,32.39,0.780328,Q53GL7,disordered
THR,644,34.96,0.937671,Q53GL7,disordered
VAL,645,37.44,0.829375,Q53GL7,disordered
ALA,646,44.05,0.338938,Q53GL7,disordered
PRO,647,55.83,0.346154,Q53GL7,intermediate
ARG,648,55.32,0.763485,Q53GL7,intermediate
TRP,649,62.98,0.282239,Q53GL7,intermediate
LEU,650,68.58,0.022222,Q53GL7,intermediate
GLU,651,70.29,0.38306,Q53GL7,intermediate
GLU,652,62.03,0.369399,Q53GL7,intermediate
GLU,653,67.47,0.269399,Q53GL7,intermediate
ALA,654,75.79,0.0,Q53GL7,intermediate
ALA,655,73.12,0.384956,Q53GL7,intermediate
LEU,656,69.0,0.227778,Q53GL7,intermediate
GLN,657,70.85,0.406878,Q53GL7,intermediate
LEU,658,71.65,0.102222,Q53GL7,intermediate
ALA,659,67.78,0.458407,Q53GL7,intermediate
LEU,660,66.28,0.348889,Q53GL7,intermediate
HIS,661,67.37,0.230928,Q53GL7,intermediate
ARG,662,67.81,0.516183,Q53GL7,intermediate
SER,663,61.0,0.633607,Q53GL7,intermediate
LEU,664,58.79,0.667222,Q53GL7,intermediate
GLU,665,54.92,0.574317,Q53GL7,intermediate
PRO,666,50.83,0.62028,Q53GL7,intermediate
GLN,667,47.51,0.956614,Q53GL7,disordered
GLY,668,51.08,0.432941,Q53GL7,intermediate
GLN,669,40.48,0.819577,Q53GL7,disordered
VAL,670,48.84,0.67375,Q53GL7,disordered
ALA,671,50.46,0.337168,Q53GL7,intermediate
GLU,672,50.35,0.542623,Q53GL7,intermediate
GLN,673,50.95,0.756085,Q53GL7,intermediate
GLU,674,54.84,0.691803,Q53GL7,intermediate
GLU,675,51.55,0.471038,Q53GL7,intermediate
ALA,676,49.81,0.387611,Q53GL7,disordered
ALA,677,58.51,0.410619,Q53GL7,intermediate
ALA,678,56.01,0.476106,Q53GL7,intermediate
LEU,679,52.5,0.332778,Q53GL7,intermediate
ARG,680,53.02,0.654772,Q53GL7,intermediate
GLN,681,51.91,0.653968,Q53GL7,intermediate
ALA,682,51.86,0.457522,Q53GL7,intermediate
LEU,683,49.39,0.400556,Q53GL7,disordered
THR,684,49.8,0.39589,Q53GL7,disordered
LEU,685,48.18,0.509444,Q53GL7,disordered
SER,686,49.94,0.554918,Q53GL7,disordered
LEU,687,46.67,0.234444,Q53GL7,disordered
LEU,688,46.88,0.347222,Q53GL7,disordered
GLU,689,41.52,0.660656,Q53GL7,disordered
GLN,690,42.92,0.829101,Q53GL7,disordered
PRO,691,36.52,0.56993,Q53GL7,disordered
PRO,692,31.01,0.806993,Q53GL7,disordered
LEU,693,35.16,0.823333,Q53GL7,disordered
GLU,694,32.35,0.797268,Q53GL7,disordered
ALA,695,28.2,0.89292,Q53GL7,disordered
GLU,696,31.24,0.919126,Q53GL7,disordered
GLU,697,28.84,0.903279,Q53GL7,disordered
PRO,698,27.45,0.813287,Q53GL7,disordered
PRO,699,32.57,0.844056,Q53GL7,intermediate
ASP,700,28.48,1.113907,Q53GL7,intermediate
GLY,701,26.16,0.770588,Q53GL7,intermediate
GLY,702,25.31,0.931765,Q53GL7,intermediate
THR,703,31.93,0.750685,Q53GL7,intermediate
ASP,704,38.4,0.843046,Q53GL7,intermediate
GLY,705,51.09,1.024706,Q53GL7,intermediate
LYS,706,62.07,0.522749,Q53GL7,intermediate
ALA,707,70.86,0.134513,Q53GL7,ordered
GLN,708,81.1,0.316931,Q53GL7,ordered
LEU,709,83.96,0.0,Q53GL7,ordered
VAL,710,85.85,0.03625,Q53GL7,ordered
VAL,711,88.87,0.008125,Q53GL7,ordered
HIS,712,87.54,0.039691,Q53GL7,ordered
SER,713,86.57,0.015574,Q53GL7,ordered
ALA,714,83.9,0.355752,Q53GL7,ordered
PHE,715,76.53,0.794495,Q53GL7,ordered
GLU,716,70.02,0.990164,Q53GL7,ordered
GLN,717,71.85,0.315344,Q53GL7,ordered
ASP,718,80.81,0.546358,Q53GL7,ordered
VAL,719,82.12,0.2425,Q53GL7,ordered
GLU,720,83.81,0.709836,Q53GL7,ordered
GLU,721,88.2,0.536066,Q53GL7,ordered
LEU,722,87.16,0.022222,Q53GL7,ordered
ASP,723,86.67,0.211258,Q53GL7,ordered
ARG,724,88.28,0.577178,Q53GL7,ordered
ALA,725,88.72,0.20354,Q53GL7,ordered
LEU,726,88.04,0.016111,Q53GL7,ordered
ARG,727,86.46,0.39751,Q53GL7,ordered
ALA,728,87.69,0.535398,Q53GL7,ordered
ALA,729,87.17,0.211504,Q53GL7,ordered
LEU,730,86.77,0.029444,Q53GL7,ordered
GLU,731,85.73,0.488525,Q53GL7,ordered
VAL,732,86.51,0.69125,Q53GL7,ordered
HIS,733,83.85,0.353093,Q53GL7,ordered
VAL,734,83.96,0.17125,Q53GL7,ordered
GLN,735,83.62,0.436508,Q53GL7,ordered
GLU,736,85.15,0.422951,Q53GL7,ordered
GLU,737,83.81,0.201093,Q53GL7,ordered
THR,738,82.81,0.522603,Q53GL7,ordered
VAL,739,74.17,0.08625,Q53GL7,ordered
GLY,740,68.24,0.581176,Q53GL7,intermediate
PRO,741,56.92,0.755245,Q53GL7,intermediate
TRP,742,63.9,0.097297,Q53GL7,intermediate
ARG,743,47.77,0.997925,Q53GL7,intermediate
ARG,744,56.59,0.681743,Q53GL7,intermediate
THR,745,59.21,0.771233,Q53GL7,intermediate
LEU,746,67.49,0.106111,Q53GL7,intermediate
PRO,747,69.71,0.440559,Q53GL7,intermediate
ALA,748,69.74,0.616814,Q53GL7,intermediate
GLU,749,65.13,0.687978,Q53GL7,intermediate
LEU,750,67.23,0.164444,Q53GL7,intermediate
ARG,751,74.85,0.383402,Q53GL7,ordered
ALA,752,69.32,0.39292,Q53GL7,intermediate
ARG,753,65.53,0.175104,Q53GL7,intermediate
LEU,754,73.67,0.053333,Q53GL7,ordered
GLU,755,79.99,0.263388,Q53GL7,ordered
ARG,756,71.04,0.557676,Q53GL7,ordered
CYS,757,66.83,0.366429,Q53GL7,intermediate
HIS,758,71.87,0.104639,Q53GL7,ordered
GLY,759,74.53,0.127059,Q53GL7,ordered
VAL,760,82.73,0.001875,Q53GL7,ordered
SER,761,82.45,0.301639,Q53GL7,ordered
VAL,762,83.32,0.015625,Q53GL7,ordered
ALA,763,82.49,0.389381,Q53GL7,ordered
LEU,764,78.3,0.463889,Q53GL7,ordered
ARG,765,75.97,0.709129,Q53GL7,ordered
GLY,766,73.67,0.808235,Q53GL7,ordered
ASP,767,73.76,0.609272,Q53GL7,intermediate
CYS,768,78.9,0.272857,Q53GL7,intermediate
THR,769,81.65,0.0,Q53GL7,intermediate
ILE,770,85.79,0.076374,Q53GL7,intermediate
LEU,771,85.65,0.0,Q53GL7,intermediate
ARG,772,86.7,0.327386,Q53GL7,intermediate
GLY,773,84.54,0.021176,Q53GL7,intermediate
PHE,774,82.16,0.023394,Q53GL7,intermediate
GLY,775,78.48,0.305882,Q53GL7,intermediate
ALA,776,77.39,0.486726,Q53GL7,intermediate
HIS,777,80.25,0.279381,Q53GL7,intermediate
PRO,778,83.02,0.006294,Q53GL7,intermediate
ALA,779,76.4,0.274336,Q53GL7,intermediate
ARG,780,76.68,0.390456,Q53GL7,intermediate
ALA,781,78.62,0.0,Q53GL7,intermediate
ALA,782,80.62,0.113274,Q53GL7,intermediate
ARG,783,73.17,0.486307,Q53GL7,intermediate
HIS,784,73.26,0.368557,Q53GL7,intermediate
LEU,785,77.24,0.010556,Q53GL7,intermediate
VAL,786,73.0,0.49375,Q53GL7,intermediate
ALA,787,64.75,0.479646,Q53GL7,intermediate
LEU,788,64.63,0.177222,Q53GL7,intermediate
LEU,789,66.87,0.310556,Q53GL7,intermediate
ALA,790,58.46,0.784956,Q53GL7,intermediate
GLY,791,51.54,0.411765,Q53GL7,intermediate
PRO,792,45.37,0.902797,Q53GL7,disordered
TRP,793,46.31,0.494595,Q53GL7,disordered
ASP,794,34.69,0.77947,Q53GL7,disordered
GLN,795,38.1,0.853439,Q53GL7,disordered
SER,796,33.09,0.867213,Q53GL7,disordered
LEU,797,35.63,0.644444,Q53GL7,disordered
ALA,798,28.26,0.647788,Q53GL7,disordered
PHE,799,28.36,0.721101,Q53GL7,disordered
PRO,800,27.85,0.842657,Q53GL7,disordered
LEU,801,29.48,0.951111,Q53GL7,disordered
ALA,802,27.47,0.746018,Q53GL7,disordered
ALA,803,29.31,0.89823,Q53GL7,disordered
SER,804,31.99,1.068033,Q53GL7,disordered
GLY,805,30.13,0.828235,Q53GL7,disordered
PRO,806,32.76,0.86014,Q53GL7,disordered
THR,807,27.56,0.90137,Q53GL7,disordered
LEU,808,32.96,0.977778,Q53GL7,intermediate
ALA,809,27.7,0.852212,Q53GL7,intermediate
GLY,810,26.35,0.818824,Q53GL7,intermediate
GLN,811,30.31,0.972487,Q53GL7,intermediate
THR,812,25.74,0.815068,Q53GL7,intermediate
LEU,813,28.41,0.97,Q53GL7,intermediate
LYS,814,27.73,0.901422,Q53GL7,intermediate
GLY,815,28.48,0.531765,Q53GL7,intermediate
PRO,816,35.95,0.891608,Q53GL7,intermediate
TRP,817,44.77,0.876062,Q53GL7,intermediate
ASN,818,55.82,0.767722,Q53GL7,intermediate
ASN,819,75.6,0.291772,Q53GL7,ordered
LEU,820,86.72,0.245,Q53GL7,ordered
GLU,821,89.04,0.555191,Q53GL7,ordered
ARG,822,91.79,0.626141,Q53GL7,ordered
LEU,823,92.04,0.078889,Q53GL7,ordered
ALA,824,89.14,0.443363,Q53GL7,ordered
GLU,825,90.3,0.665027,Q53GL7,ordered
ASN,826,89.0,0.821519,Q53GL7,ordered
THR,827,93.96,0.321918,Q53GL7,ordered
GLY,828,93.39,0.503529,Q53GL7,ordered
GLU,829,93.72,0.33224,Q53GL7,ordered
PHE,830,95.25,0.122477,Q53GL7,ordered
GLN,831,94.27,0.505291,Q53GL7,ordered
GLU,832,94.97,0.689071,Q53GL7,ordered
VAL,833,95.57,0.11875,Q53GL7,ordered
VAL,834,95.5,0.12375,Q53GL7,ordered
ARG,835,95.42,0.638589,Q53GL7,ordered
ALA,836,95.42,0.40531,Q53GL7,ordered
PHE,837,96.1,0.0,Q53GL7,ordered
TYR,838,95.15,0.242358,Q53GL7,ordered
ASP,839,94.58,0.537086,Q53GL7,ordered
THR,840,93.88,0.158904,Q53GL7,ordered
LEU,841,92.12,0.002778,Q53GL7,ordered
ASP,842,92.01,0.53245,Q53GL7,ordered
ALA,843,88.25,0.736283,Q53GL7,ordered
ALA,844,86.35,0.20177,Q53GL7,ordered
ARG,845,88.3,0.510788,Q53GL7,ordered
SER,846,86.46,0.562295,Q53GL7,ordered
SER,847,90.69,0.143443,Q53GL7,ordered
ILE,848,93.24,0.06978,Q53GL7,ordered
ARG,849,93.46,0.489627,Q53GL7,ordered
VAL,850,95.24,0.1675,Q53GL7,ordered
VAL,851,94.43,0.255625,Q53GL7,ordered
ARG,852,94.39,0.288382,Q53GL7,ordered
VAL,853,96.24,0.001875,Q53GL7,ordered
GLU,854,95.96,0.162295,Q53GL7,ordered
ARG,855,95.1,0.318257,Q53GL7,ordered
VAL,856,93.75,0.095,Q53GL7,ordered
SER,857,89.93,0.514754,Q53GL7,ordered
HIS,858,89.16,0.175773,Q53GL7,ordered
PRO,859,88.52,0.616783,Q53GL7,ordered
LEU,860,86.84,0.461667,Q53GL7,ordered
LEU,861,90.19,0.042778,Q53GL7,ordered
GLN,862,90.92,0.407937,Q53GL7,ordered
GLN,863,87.46,0.579894,Q53GL7,ordered
GLN,864,88.88,0.275661,Q53GL7,ordered
TYR,865,92.36,0.0,Q53GL7,ordered
GLU,866,91.7,0.361749,Q53GL7,ordered
LEU,867,88.14,0.381667,Q53GL7,ordered
TYR,868,88.03,0.261572,Q53GL7,ordered
ARG,869,92.04,0.340249,Q53GL7,ordered
GLU,870,89.42,0.587432,Q53GL7,ordered
ARG,871,84.82,0.106639,Q53GL7,ordered
LEU,872,87.46,0.0,Q53GL7,ordered
LEU,873,88.97,0.398889,Q53GL7,ordered
GLN,874,84.7,0.67619,Q53GL7,ordered
ARG,875,83.84,0.36971,Q53GL7,ordered
CYS,876,81.02,0.055,Q53GL7,ordered
GLU,877,80.1,0.968306,Q53GL7,ordered
ARG,878,82.94,0.580083,Q53GL7,ordered
ARG,879,88.11,0.572614,Q53GL7,ordered
PRO,880,91.76,0.572727,Q53GL7,ordered
VAL,881,93.26,0.033125,Q53GL7,ordered
GLU,882,96.24,0.232787,Q53GL7,ordered
GLN,883,95.9,0.160317,Q53GL7,ordered
VAL,884,96.92,0.56875,Q53GL7,ordered
LEU,885,97.38,0.001667,Q53GL7,ordered
TYR,886,96.58,0.041485,Q53GL7,ordered
HIS,887,94.95,0.096907,Q53GL7,ordered
GLY,888,92.8,0.169412,Q53GL7,ordered
THR,889,91.33,0.091096,Q53GL7,ordered
THR,890,90.86,0.404795,Q53GL7,ordered
ALA,891,89.4,0.434513,Q53GL7,ordered
PRO,892,88.57,0.522378,Q53GL7,ordered
ALA,893,88.02,0.210619,Q53GL7,ordered
VAL,894,91.23,0.12125,Q53GL7,ordered
PRO,895,89.89,0.555944,Q53GL7,ordered
ASP,896,87.56,0.44106,Q53GL7,ordered
ILE,897,90.5,0.072527,Q53GL7,ordered
CYS,898,90.4,0.041429,Q53GL7,ordered
ALA,899,86.37,0.372566,Q53GL7,ordered
HIS,900,86.19,0.590722,Q53GL7,ordered
GLY,901,90.17,0.017647,Q53GL7,ordered
PHE,902,89.67,0.002294,Q53GL7,ordered
ASN,903,78.63,0.251899,Q53GL7,ordered
ARG,904,75.69,0.471784,Q53GL7,ordered
SER,905,68.43,0.677869,Q53GL7,intermediate
PHE,906,56.29,0.571101,Q53GL7,intermediate
CYS,907,55.07,0.289286,Q53GL7,intermediate
GLY,908,48.92,0.668235,Q53GL7,intermediate
ARG,909,49.24,0.978008,Q53GL7,intermediate
ASN,910,53.63,0.867089,Q53GL7,intermediate
ALA,911,57.97,0.255752,Q53GL7,intermediate
THR,912,73.68,0.366438,Q53GL7,ordered
VAL,913,85.14,0.569375,Q53GL7,ordered
TYR,914,87.42,0.257205,Q53GL7,ordered
GLY,915,86.36,0.0,Q53GL7,ordered
LYS,916,85.75,0.508531,Q53GL7,ordered
GLY,917,88.02,0.116471,Q53GL7,ordered
VAL,918,91.53,0.0175,Q53GL7,ordered
TYR,919,92.58,0.177729,Q53GL7,ordered
PHE,920,95.26,0.010092,Q53GL7,ordered
ALA,921,95.64,0.037168,Q53GL7,ordered
ARG,922,95.41,0.475519,Q53GL7,ordered
ARG,923,95.17,0.40332,Q53GL7,ordered
ALA,924,94.82,0.0,Q53GL7,ordered
SER,925,94.79,0.201639,Q53GL7,ordered
LEU,926,92.54,0.206111,Q53GL7,ordered
SER,927,93.41,0.047541,Q53GL7,ordered
VAL,928,93.6,0.059375,Q53GL7,ordered
GLN,929,91.37,0.33545,Q53GL7,ordered
ASP,930,91.8,0.618543,Q53GL7,ordered
ARG,931,88.23,0.644813,Q53GL7,ordered
TYR,932,88.7,0.296507,Q53GL7,ordered
SER,933,91.1,0.0,Q53GL7,ordered
PRO,934,91.35,0.316084,Q53GL7,ordered
PRO,935,92.62,0.476224,Q53GL7,ordered
ASN,936,90.97,0.338608,Q53GL7,ordered
ALA,937,89.77,1.012389,Q53GL7,ordered
ASP,938,89.84,0.703311,Q53GL7,ordered
GLY,939,90.64,0.321176,Q53GL7,ordered
HIS,940,94.35,0.229897,Q53GL7,ordered
LYS,941,95.46,0.022275,Q53GL7,ordered
ALA,942,94.91,0.099115,Q53GL7,ordered
VAL,943,96.38,0.0,Q53GL7,ordered
PHE,944,96.67,0.0,Q53GL7,ordered
VAL,945,97.34,0.06125,Q53GL7,ordered
ALA,946,97.11,0.0,Q53GL7,ordered
ARG,947,96.95,0.219917,Q53GL7,ordered
VAL,948,97.1,0.0,Q53GL7,ordered
LEU,949,96.27,0.0,Q53GL7,ordered
THR,950,94.79,0.0,Q53GL7,ordered
GLY,951,92.87,0.025882,Q53GL7,ordered
ASP,952,92.32,0.127152,Q53GL7,ordered
TYR,953,93.82,0.229258,Q53GL7,ordered
GLY,954,92.6,0.011765,Q53GL7,ordered
GLN,955,94.88,0.330159,Q53GL7,ordered
GLY,956,92.44,0.072941,Q53GL7,ordered
ARG,957,88.88,0.683817,Q53GL7,ordered
ARG,958,87.77,0.871784,Q53GL7,ordered
GLY,959,82.43,0.517647,Q53GL7,ordered
LEU,960,85.85,0.23,Q53GL7,ordered
ARG,961,86.37,0.791286,Q53GL7,ordered
ALA,962,87.56,0.278761,Q53GL7,ordered
PRO,963,91.25,0.117483,Q53GL7,ordered
PRO,964,90.74,0.096503,Q53GL7,ordered
LEU,965,88.79,0.572222,Q53GL7,ordered
ARG,966,87.53,0.142739,Q53GL7,ordered
GLY,967,75.75,0.443529,Q53GL7,ordered
PRO,968,71.06,1.028671,Q53GL7,ordered
GLY,969,71.12,0.982353,Q53GL7,ordered
HIS,970,73.85,0.524227,Q53GL7,ordered
VAL,971,73.34,0.96125,Q53GL7,ordered
LEU,972,77.05,0.347222,Q53GL7,ordered
LEU,973,78.96,0.684444,Q53GL7,ordered
ARG,974,88.23,0.416183,Q53GL7,ordered
TYR,975,92.42,0.258952,Q53GL7,ordered
ASP,976,93.26,0.087417,Q53GL7,ordered
SER,977,94.33,0.0,Q53GL7,ordered
ALA,978,94.75,0.0,Q53GL7,ordered
VAL,979,96.09,0.0,Q53GL7,ordered
ASP,980,93.31,0.203974,Q53GL7,ordered
CYS,981,91.25,0.362143,Q53GL7,ordered
ILE,982,90.57,0.502747,Q53GL7,ordered
CYS,983,88.86,0.915,Q53GL7,ordered
GLN,984,90.06,0.747619,Q53GL7,ordered
PRO,985,93.94,0.074825,Q53GL7,ordered
SER,986,93.31,0.378689,Q53GL7,ordered
ILE,987,95.13,0.154945,Q53GL7,ordered
PHE,988,95.43,0.005505,Q53GL7,ordered
VAL,989,93.82,0.00125,Q53GL7,ordered
ILE,990,93.98,0.006044,Q53GL7,ordered
PHE,991,90.46,0.079817,Q53GL7,ordered
HIS,992,88.72,0.442784,Q53GL7,ordered
ASP,993,87.46,0.233775,Q53GL7,intermediate
THR,994,88.02,0.182192,Q53GL7,intermediate
GLN,995,92.86,0.022222,Q53GL7,intermediate
ALA,996,95.28,0.0,Q53GL7,intermediate
LEU,997,95.06,0.048889,Q53GL7,intermediate
PRO,998,95.71,0.01958,Q53GL7,intermediate
THR,999,96.11,0.169178,Q53GL7,intermediate
HIS,1000,97.21,0.121134,Q53GL7,intermediate
LEU,1001,96.92,0.041667,Q53GL7,intermediate
ILE,1002,96.93,0.001099,Q53GL7,intermediate
THR,1003,96.63,0.05137,Q53GL7,intermediate
CYS,1004,95.37,0.0,Q53GL7,intermediate
GLU,1005,94.67,0.204918,Q53GL7,intermediate
HIS,1006,91.45,0.581959,Q53GL7,intermediate
VAL,1007,87.4,0.27375,Q53GL7,intermediate
PRO,1008,73.99,0.757343,Q53GL7,intermediate
ARG,1009,56.14,0.734025,Q53GL7,intermediate
ALA,1010,43.34,0.820354,Q53GL7,disordered
SER,1011,37.74,0.695082,Q53GL7,disordered
PRO,1012,46.89,0.893706,Q53GL7,disordered
ASP,1013,44.79,0.861589,Q53GL7,disordered
ASP,1014,37.67,0.725166,Q53GL7,disordered
PRO,1015,40.64,0.940559,Q53GL7,disordered
SER,1016,42.74,0.77541,Q53GL7,disordered
GLY,1017,36.33,0.774118,Q53GL7,disordered
LEU,1018,40.77,0.963889,Q53GL7,disordered
PRO,1019,39.68,0.862937,Q53GL7,disordered
GLY,1020,38.64,0.878824,Q53GL7,disordered
ARG,1021,41.79,0.998755,Q53GL7,disordered
SER,1022,38.01,0.854918,Q53GL7,disordered
PRO,1023,42.96,0.809091,Q53GL7,disordered
ASP,1024,51.16,0.972185,Q53GL7,intermediate
THR,1025,47.8,1.429452,Q53GL7,disordered
