aa,pos,plddt,rsa,uniprot_id,location
MET,1,42.02,1.02402,Q86UU1,disordered
ASP,2,48.83,0.878808,Q86UU1,disordered
ALA,3,45.42,0.839823,Q86UU1,disordered
LEU,4,41.39,0.765556,Q86UU1,disordered
ASN,5,47.75,0.832911,Q86UU1,disordered
ARG,6,46.45,0.854357,Q86UU1,disordered
ASN,7,37.26,0.90443,Q86UU1,disordered
GLN,8,37.51,0.867196,Q86UU1,disordered
ILE,9,37.36,0.882967,Q86UU1,disordered
GLY,10,28.97,0.802353,Q86UU1,disordered
PRO,11,36.56,0.972727,Q86UU1,disordered
GLY,12,31.82,0.787059,Q86UU1,disordered
CYS,13,33.61,0.89,Q86UU1,disordered
GLN,14,34.42,0.891005,Q86UU1,disordered
THR,15,25.56,0.870548,Q86UU1,disordered
GLN,16,34.86,0.948677,Q86UU1,disordered
THR,17,30.39,0.894521,Q86UU1,disordered
MET,18,31.16,0.743627,Q86UU1,disordered
VAL,19,36.96,0.81375,Q86UU1,disordered
GLN,20,33.03,0.696825,Q86UU1,disordered
LYS,21,30.41,0.898578,Q86UU1,disordered
GLY,22,43.36,0.523529,Q86UU1,disordered
PRO,23,54.16,0.701399,Q86UU1,intermediate
LEU,24,58.05,0.346667,Q86UU1,intermediate
ASP,25,61.54,0.547682,Q86UU1,intermediate
LEU,26,59.74,0.597778,Q86UU1,intermediate
ILE,27,60.96,0.402747,Q86UU1,intermediate
GLU,28,61.95,0.787432,Q86UU1,intermediate
THR,29,54.58,0.603425,Q86UU1,intermediate
GLY,30,61.58,0.865882,Q86UU1,intermediate
LYS,31,56.25,1.013744,Q86UU1,intermediate
GLY,32,53.93,0.378824,Q86UU1,intermediate
LEU,33,63.66,0.682778,Q86UU1,intermediate
LYS,34,67.03,0.524645,Q86UU1,intermediate
VAL,35,68.9,0.4275,Q86UU1,intermediate
GLN,36,69.26,0.365079,Q86UU1,intermediate
THR,37,76.66,0.163699,Q86UU1,ordered
ASP,38,81.39,0.562914,Q86UU1,ordered
LYS,39,87.49,0.500948,Q86UU1,ordered
PRO,40,92.77,0.076923,Q86UU1,ordered
HIS,41,91.95,0.073196,Q86UU1,ordered
LEU,42,93.34,0.0,Q86UU1,ordered
VAL,43,90.7,0.156875,Q86UU1,ordered
SER,44,83.54,0.131148,Q86UU1,ordered
LEU,45,65.19,0.715,Q86UU1,intermediate
GLY,46,59.77,0.243529,Q86UU1,intermediate
SER,47,54.92,0.993443,Q86UU1,intermediate
GLY,48,56.39,0.464706,Q86UU1,intermediate
ARG,49,52.94,1.033195,Q86UU1,intermediate
LEU,50,52.73,0.953889,Q86UU1,intermediate
SER,51,53.79,0.441803,Q86UU1,intermediate
THR,52,56.62,0.937671,Q86UU1,intermediate
ALA,53,65.39,0.523894,Q86UU1,intermediate
ILE,54,75.27,0.584066,Q86UU1,ordered
THR,55,79.94,0.446575,Q86UU1,ordered
LEU,56,86.26,0.246111,Q86UU1,ordered
LEU,57,88.27,0.173889,Q86UU1,ordered
PRO,58,88.55,0.37972,Q86UU1,ordered
LEU,59,92.26,0.013333,Q86UU1,ordered
GLU,60,88.55,0.445355,Q86UU1,ordered
GLU,61,90.81,0.734973,Q86UU1,ordered
GLY,62,92.85,0.331765,Q86UU1,ordered
ARG,63,94.14,0.580083,Q86UU1,ordered
THR,64,94.75,0.105479,Q86UU1,ordered
VAL,65,94.96,0.141875,Q86UU1,ordered
ILE,66,93.87,0.001648,Q86UU1,ordered
GLY,67,91.35,0.0,Q86UU1,ordered
SER,68,89.87,0.455738,Q86UU1,ordered
ALA,69,86.96,0.644248,Q86UU1,ordered
ALA,70,84.14,0.090265,Q86UU1,ordered
ARG,71,84.66,0.902905,Q86UU1,ordered
ASP,72,90.04,0.568874,Q86UU1,ordered
ILE,73,90.22,0.042857,Q86UU1,ordered
SER,74,88.88,0.612295,Q86UU1,ordered
LEU,75,86.87,0.116667,Q86UU1,ordered
GLN,76,82.28,0.857672,Q86UU1,ordered
GLY,77,77.47,0.3,Q86UU1,ordered
PRO,78,83.57,0.498601,Q86UU1,ordered
GLY,79,86.0,0.552941,Q86UU1,ordered
LEU,80,89.49,0.139444,Q86UU1,ordered
ALA,81,91.23,0.139823,Q86UU1,ordered
PRO,82,90.57,0.602797,Q86UU1,ordered
GLU,83,92.05,0.556831,Q86UU1,ordered
HIS,84,93.05,0.003608,Q86UU1,ordered
CYS,85,94.69,0.0,Q86UU1,ordered
TYR,86,95.41,0.195633,Q86UU1,ordered
ILE,87,96.28,0.009341,Q86UU1,ordered
GLU,88,95.68,0.267213,Q86UU1,ordered
ASN,89,94.29,0.052532,Q86UU1,ordered
LEU,90,92.8,0.581111,Q86UU1,ordered
ARG,91,88.1,0.927801,Q86UU1,ordered
GLY,92,85.15,0.32,Q86UU1,ordered
THR,93,91.33,0.435616,Q86UU1,ordered
LEU,94,95.58,0.009444,Q86UU1,ordered
THR,95,96.29,0.178082,Q86UU1,ordered
LEU,96,96.64,0.007778,Q86UU1,ordered
TYR,97,96.06,0.241921,Q86UU1,ordered
PRO,98,92.78,0.172727,Q86UU1,ordered
CYS,99,91.25,0.417143,Q86UU1,ordered
GLY,100,86.8,0.967059,Q86UU1,ordered
ASN,101,90.54,0.270253,Q86UU1,ordered
ALA,102,91.11,0.584956,Q86UU1,ordered
CYS,103,93.55,0.032143,Q86UU1,ordered
THR,104,93.28,0.241781,Q86UU1,ordered
ILE,105,94.12,0.086813,Q86UU1,ordered
ASP,106,91.22,0.601987,Q86UU1,ordered
GLY,107,88.76,0.741176,Q86UU1,ordered
LEU,108,91.71,0.677778,Q86UU1,ordered
PRO,109,92.5,0.705594,Q86UU1,ordered
VAL,110,92.29,0.098125,Q86UU1,ordered
ARG,111,91.24,0.926141,Q86UU1,ordered
GLN,112,92.39,0.678307,Q86UU1,ordered
PRO,113,94.68,0.540559,Q86UU1,ordered
THR,114,94.76,0.282192,Q86UU1,ordered
ARG,115,94.39,0.555602,Q86UU1,ordered
LEU,116,95.17,0.018333,Q86UU1,ordered
THR,117,92.0,0.406164,Q86UU1,ordered
GLN,118,92.53,0.301058,Q86UU1,ordered
GLY,119,90.58,0.227059,Q86UU1,ordered
CYS,120,92.94,0.101429,Q86UU1,ordered
MET,121,93.26,0.376471,Q86UU1,ordered
LEU,122,93.36,0.001667,Q86UU1,ordered
CYS,123,91.61,0.125714,Q86UU1,ordered
LEU,124,91.73,0.002778,Q86UU1,ordered
GLY,125,88.63,0.217647,Q86UU1,ordered
GLN,126,83.34,0.753439,Q86UU1,ordered
SER,127,80.77,0.481148,Q86UU1,intermediate
THR,128,87.35,0.086986,Q86UU1,intermediate
PHE,129,89.09,0.544495,Q86UU1,intermediate
LEU,130,92.38,0.002778,Q86UU1,intermediate
ARG,131,94.04,0.464315,Q86UU1,intermediate
PHE,132,94.65,0.001376,Q86UU1,intermediate
ASN,133,92.62,0.186076,Q86UU1,intermediate
HIS,134,91.71,0.089691,Q86UU1,intermediate
PRO,135,89.04,0.137762,Q86UU1,intermediate
ALA,136,87.46,0.452212,Q86UU1,intermediate
GLU,137,89.99,0.103279,Q86UU1,intermediate
ALA,138,88.91,0.265487,Q86UU1,intermediate
LYS,139,87.3,0.570616,Q86UU1,intermediate
TRP,140,86.57,0.543243,Q86UU1,intermediate
MET,141,84.21,0.395098,Q86UU1,intermediate
LYS,142,83.14,0.751185,Q86UU1,intermediate
SER,143,79.02,0.731148,Q86UU1,intermediate
MET,144,74.81,0.507353,Q86UU1,intermediate
ILE,145,60.46,0.610989,Q86UU1,intermediate
PRO,146,51.42,0.775524,Q86UU1,intermediate
ALA,147,45.54,0.855752,Q86UU1,disordered
GLY,148,42.06,0.912941,Q86UU1,disordered
GLY,149,36.58,0.957647,Q86UU1,disordered
ARG,150,35.77,0.913693,Q86UU1,disordered
ALA,151,33.39,0.861062,Q86UU1,disordered
PRO,152,43.93,0.840559,Q86UU1,disordered
GLY,153,34.92,0.731765,Q86UU1,disordered
PRO,154,43.27,0.80979,Q86UU1,disordered
PRO,155,40.88,0.841958,Q86UU1,disordered
TYR,156,35.62,1.017467,Q86UU1,disordered
SER,157,33.35,0.870492,Q86UU1,disordered
PRO,158,38.51,0.841958,Q86UU1,disordered
VAL,159,35.9,0.8425,Q86UU1,disordered
PRO,160,38.27,0.769231,Q86UU1,disordered
ALA,161,35.09,0.740708,Q86UU1,disordered
GLU,162,35.26,0.894536,Q86UU1,disordered
SER,163,34.41,0.707377,Q86UU1,disordered
GLU,164,35.44,0.945902,Q86UU1,disordered
SER,165,35.76,0.790984,Q86UU1,disordered
LEU,166,38.06,0.925,Q86UU1,disordered
VAL,167,39.26,0.84,Q86UU1,disordered
ASN,168,34.15,0.970886,Q86UU1,disordered
GLY,169,35.71,0.769412,Q86UU1,disordered
ASN,170,35.58,0.889873,Q86UU1,disordered
HIS,171,35.88,0.959278,Q86UU1,disordered
THR,172,32.99,0.904795,Q86UU1,disordered
PRO,173,37.61,0.761538,Q86UU1,disordered
GLN,174,33.1,0.92963,Q86UU1,disordered
THR,175,29.77,0.860959,Q86UU1,disordered
ALA,176,35.74,0.825664,Q86UU1,disordered
THR,177,33.86,0.863014,Q86UU1,disordered
ARG,178,32.61,0.984232,Q86UU1,disordered
GLY,179,32.67,0.798824,Q86UU1,disordered
PRO,180,38.99,0.963636,Q86UU1,disordered
SER,181,36.04,0.968852,Q86UU1,disordered
ALA,182,35.99,0.784071,Q86UU1,disordered
CYS,183,30.07,1.004286,Q86UU1,disordered
ALA,184,38.6,0.830088,Q86UU1,disordered
SER,185,40.3,0.595082,Q86UU1,disordered
HIS,186,42.16,0.909278,Q86UU1,disordered
SER,187,49.68,0.590164,Q86UU1,disordered
SER,188,62.01,0.681967,Q86UU1,intermediate
LEU,189,64.83,0.651667,Q86UU1,intermediate
VAL,190,72.42,0.545,Q86UU1,intermediate
SER,191,76.88,0.52377,Q86UU1,intermediate
SER,192,79.41,0.454918,Q86UU1,intermediate
ILE,193,79.09,0.496154,Q86UU1,intermediate
GLU,194,79.8,0.606557,Q86UU1,intermediate
LYS,195,84.56,0.504739,Q86UU1,intermediate
ASP,196,82.35,0.472848,Q86UU1,intermediate
LEU,197,81.1,0.544444,Q86UU1,intermediate
GLN,198,82.21,0.453968,Q86UU1,intermediate
GLU,199,79.85,0.543169,Q86UU1,intermediate
ILE,200,79.73,0.535165,Q86UU1,intermediate
MET,201,72.63,0.567647,Q86UU1,intermediate
ASP,202,73.55,0.662914,Q86UU1,intermediate
SER,203,69.94,0.7,Q86UU1,intermediate
LEU,204,57.21,0.768333,Q86UU1,intermediate
VAL,205,47.67,0.640625,Q86UU1,disordered
LEU,206,48.54,0.922222,Q86UU1,disordered
GLU,207,45.29,0.845355,Q86UU1,disordered
GLU,208,47.19,0.76612,Q86UU1,disordered
PRO,209,40.82,0.867832,Q86UU1,disordered
GLY,210,37.67,0.697647,Q86UU1,disordered
ALA,211,36.82,0.979646,Q86UU1,disordered
ALA,212,38.21,0.99115,Q86UU1,disordered
GLY,213,38.01,0.943529,Q86UU1,disordered
LYS,214,38.71,0.952133,Q86UU1,disordered
LYS,215,37.37,0.913744,Q86UU1,disordered
PRO,216,40.42,0.779021,Q86UU1,disordered
ALA,217,32.88,0.853982,Q86UU1,disordered
ALA,218,35.7,0.782301,Q86UU1,disordered
THR,219,36.95,0.916438,Q86UU1,disordered
SER,220,29.65,0.890984,Q86UU1,disordered
PRO,221,36.7,0.752448,Q86UU1,disordered
LEU,222,33.12,0.947222,Q86UU1,disordered
SER,223,32.18,0.879508,Q86UU1,disordered
PRO,224,40.83,0.767133,Q86UU1,disordered
MET,225,35.9,0.905882,Q86UU1,disordered
ALA,226,39.81,0.835398,Q86UU1,disordered
ASN,227,40.35,1.060759,Q86UU1,disordered
GLY,228,40.69,0.964706,Q86UU1,disordered
GLY,229,36.46,0.944706,Q86UU1,disordered
ARG,230,38.6,0.803734,Q86UU1,disordered
TYR,231,36.23,0.765066,Q86UU1,disordered
LEU,232,35.65,0.816667,Q86UU1,disordered
LEU,233,35.82,0.902778,Q86UU1,disordered
SER,234,31.52,0.811475,Q86UU1,disordered
PRO,235,46.16,0.851748,Q86UU1,disordered
PRO,236,38.79,0.868531,Q86UU1,disordered
THR,237,38.16,0.863014,Q86UU1,disordered
SER,238,34.93,0.82623,Q86UU1,disordered
PRO,239,41.89,0.929371,Q86UU1,disordered
GLY,240,37.45,0.855294,Q86UU1,disordered
ALA,241,39.0,0.80177,Q86UU1,disordered
MET,242,36.94,0.818627,Q86UU1,disordered
SER,243,33.64,0.908197,Q86UU1,disordered
VAL,244,38.71,0.90875,Q86UU1,disordered
GLY,245,31.83,0.761176,Q86UU1,disordered
SER,246,36.44,0.997541,Q86UU1,disordered
SER,247,31.96,0.696721,Q86UU1,disordered
TYR,248,33.58,0.945415,Q86UU1,disordered
GLU,249,33.5,0.919672,Q86UU1,disordered
ASN,250,32.09,0.874684,Q86UU1,disordered
THR,251,32.26,0.960959,Q86UU1,disordered
SER,252,32.77,0.772131,Q86UU1,disordered
PRO,253,35.42,0.932168,Q86UU1,disordered
ALA,254,35.79,0.70177,Q86UU1,disordered
PHE,255,31.94,0.888073,Q86UU1,disordered
SER,256,36.45,0.936066,Q86UU1,disordered
PRO,257,34.16,0.718881,Q86UU1,disordered
LEU,258,32.33,0.894444,Q86UU1,disordered
SER,259,34.87,0.969672,Q86UU1,disordered
SER,260,29.76,0.898361,Q86UU1,disordered
PRO,261,40.97,0.934965,Q86UU1,disordered
ALA,262,30.52,0.843363,Q86UU1,disordered
SER,263,35.39,0.877049,Q86UU1,disordered
SER,264,37.53,1.037705,Q86UU1,disordered
GLY,265,31.72,0.794118,Q86UU1,disordered
SER,266,36.5,0.97459,Q86UU1,disordered
CYS,267,30.39,0.85,Q86UU1,disordered
ALA,268,33.13,0.828319,Q86UU1,disordered
SER,269,32.18,0.731967,Q86UU1,disordered
HIS,270,38.2,0.951031,Q86UU1,disordered
SER,271,35.35,0.885246,Q86UU1,disordered
PRO,272,49.66,0.793007,Q86UU1,disordered
SER,273,35.64,0.982787,Q86UU1,disordered
GLY,274,37.89,0.887059,Q86UU1,disordered
GLN,275,38.97,0.932275,Q86UU1,disordered
GLU,276,37.03,0.879781,Q86UU1,disordered
PRO,277,42.48,0.805594,Q86UU1,disordered
GLY,278,42.93,0.856471,Q86UU1,disordered
PRO,279,38.63,0.859441,Q86UU1,disordered
SER,280,28.74,0.886066,Q86UU1,disordered
VAL,281,38.42,0.826875,Q86UU1,disordered
PRO,282,43.53,0.78042,Q86UU1,disordered
PRO,283,40.3,0.86993,Q86UU1,disordered
LEU,284,29.94,0.921111,Q86UU1,disordered
VAL,285,34.12,0.78125,Q86UU1,disordered
PRO,286,42.53,0.870629,Q86UU1,disordered
ALA,287,32.31,0.733628,Q86UU1,disordered
ARG,288,28.36,0.963071,Q86UU1,disordered
SER,289,28.66,0.844262,Q86UU1,disordered
SER,290,27.39,0.795082,Q86UU1,disordered
SER,291,28.65,0.954918,Q86UU1,disordered
TYR,292,27.97,0.851965,Q86UU1,disordered
HIS,293,31.06,0.844845,Q86UU1,disordered
LEU,294,30.95,0.827222,Q86UU1,disordered
ALA,295,31.18,0.861062,Q86UU1,disordered
LEU,296,32.76,0.783333,Q86UU1,disordered
GLN,297,33.33,0.87619,Q86UU1,disordered
PRO,298,40.64,0.71958,Q86UU1,disordered
PRO,299,32.33,0.913986,Q86UU1,disordered
GLN,300,34.66,0.827513,Q86UU1,disordered
SER,301,29.69,0.940984,Q86UU1,disordered
ARG,302,32.19,0.884232,Q86UU1,disordered
PRO,303,32.04,0.851748,Q86UU1,disordered
SER,304,30.61,0.993443,Q86UU1,disordered
GLY,305,30.12,0.922353,Q86UU1,disordered
ALA,306,31.55,0.847788,Q86UU1,disordered
ARG,307,30.71,0.940664,Q86UU1,disordered
SER,308,29.11,0.737705,Q86UU1,disordered
GLU,309,34.21,0.914754,Q86UU1,disordered
SER,310,26.13,0.891803,Q86UU1,disordered
PRO,311,35.72,0.876224,Q86UU1,disordered
ARG,312,29.05,0.9,Q86UU1,disordered
LEU,313,33.27,0.880556,Q86UU1,disordered
SER,314,31.77,0.770492,Q86UU1,disordered
ARG,315,34.68,0.8639,Q86UU1,disordered
LYS,316,33.63,0.920853,Q86UU1,disordered
GLY,317,33.33,0.975294,Q86UU1,disordered
GLY,318,34.57,0.723529,Q86UU1,disordered
HIS,319,32.23,0.990722,Q86UU1,disordered
GLU,320,36.59,0.962295,Q86UU1,disordered
ARG,321,32.11,0.889212,Q86UU1,disordered
PRO,322,43.66,0.768531,Q86UU1,disordered
PRO,323,42.71,0.748252,Q86UU1,disordered
SER,324,38.59,0.959016,Q86UU1,disordered
PRO,325,40.97,0.862238,Q86UU1,disordered
GLY,326,32.1,0.754118,Q86UU1,disordered
LEU,327,29.82,0.947222,Q86UU1,disordered
ARG,328,30.03,0.982988,Q86UU1,disordered
GLY,329,29.33,0.824706,Q86UU1,disordered
LEU,330,29.58,0.874444,Q86UU1,disordered
LEU,331,30.1,0.828333,Q86UU1,disordered
THR,332,28.59,0.724658,Q86UU1,disordered
ASP,333,31.7,0.913907,Q86UU1,disordered
SER,334,30.75,0.893443,Q86UU1,disordered
PRO,335,36.23,0.791608,Q86UU1,disordered
ALA,336,28.93,0.838938,Q86UU1,disordered
ALA,337,31.46,0.850442,Q86UU1,disordered
THR,338,30.06,0.868493,Q86UU1,disordered
VAL,339,28.46,0.8025,Q86UU1,disordered
LEU,340,32.15,0.871667,Q86UU1,disordered
ALA,341,28.98,0.717699,Q86UU1,disordered
GLU,342,29.42,0.710929,Q86UU1,disordered
ALA,343,32.11,0.979646,Q86UU1,disordered
ARG,344,28.19,0.761826,Q86UU1,disordered
ARG,345,31.75,0.996266,Q86UU1,disordered
ALA,346,33.0,0.712389,Q86UU1,disordered
THR,347,33.29,0.775342,Q86UU1,disordered
GLU,348,32.7,0.944809,Q86UU1,disordered
SER,349,25.07,0.847541,Q86UU1,disordered
PRO,350,37.65,0.862238,Q86UU1,disordered
ARG,351,29.75,0.905394,Q86UU1,disordered
LEU,352,36.2,0.998333,Q86UU1,disordered
GLY,353,32.26,0.976471,Q86UU1,disordered
GLY,354,34.8,0.878824,Q86UU1,disordered
GLN,355,32.43,0.915873,Q86UU1,disordered
LEU,356,29.92,0.802778,Q86UU1,disordered
PRO,357,35.79,0.866434,Q86UU1,disordered
VAL,358,32.12,0.67875,Q86UU1,disordered
VAL,359,34.06,0.9175,Q86UU1,disordered
ALA,360,30.36,0.542478,Q86UU1,disordered
ILE,361,34.67,0.981319,Q86UU1,disordered
SER,362,28.31,0.627049,Q86UU1,disordered
LEU,363,30.16,0.94,Q86UU1,disordered
SER,364,33.98,0.828689,Q86UU1,disordered
GLU,365,32.97,0.827869,Q86UU1,disordered
TYR,366,28.37,0.937118,Q86UU1,disordered
PRO,367,38.92,0.900699,Q86UU1,disordered
ALA,368,33.38,0.841593,Q86UU1,disordered
SER,369,32.02,1.013934,Q86UU1,disordered
GLY,370,32.98,0.978824,Q86UU1,disordered
ALA,371,33.42,0.79115,Q86UU1,disordered
LEU,372,33.55,0.936111,Q86UU1,disordered
SER,373,32.63,0.987705,Q86UU1,disordered
GLN,374,34.81,0.934392,Q86UU1,disordered
PRO,375,41.59,0.67972,Q86UU1,disordered
THR,376,32.92,0.916438,Q86UU1,disordered
SER,377,35.11,0.877869,Q86UU1,disordered
ILE,378,35.63,0.890659,Q86UU1,disordered
PRO,379,38.24,0.893706,Q86UU1,disordered
GLY,380,36.16,0.869412,Q86UU1,disordered
SER,381,34.65,0.945902,Q86UU1,disordered
PRO,382,46.07,0.866434,Q86UU1,disordered
LYS,383,36.95,0.710427,Q86UU1,disordered
PHE,384,39.14,0.812844,Q86UU1,disordered
GLN,385,37.85,0.922751,Q86UU1,disordered
PRO,386,52.08,0.7,Q86UU1,intermediate
PRO,387,53.88,0.797902,Q86UU1,intermediate
VAL,388,41.73,0.826875,Q86UU1,disordered
PRO,389,48.11,0.81049,Q86UU1,disordered
ALA,390,41.81,0.79646,Q86UU1,disordered
PRO,391,48.99,0.741259,Q86UU1,disordered
ARG,392,38.88,0.907884,Q86UU1,disordered
ASN,393,38.7,0.818987,Q86UU1,disordered
LYS,394,39.81,0.777251,Q86UU1,disordered
ILE,395,39.21,0.9,Q86UU1,disordered
GLY,396,39.34,0.82,Q86UU1,disordered
THR,397,33.65,0.934932,Q86UU1,disordered
LEU,398,37.32,0.908333,Q86UU1,disordered
GLN,399,37.57,0.928571,Q86UU1,disordered
ASP,400,35.59,1.031126,Q86UU1,disordered
ARG,401,32.82,0.900415,Q86UU1,disordered
PRO,402,44.33,0.695105,Q86UU1,disordered
PRO,403,42.62,0.848951,Q86UU1,disordered
SER,404,37.67,0.878689,Q86UU1,disordered
PRO,405,39.26,0.651049,Q86UU1,disordered
PHE,406,36.16,0.883028,Q86UU1,disordered
ARG,407,34.19,0.868465,Q86UU1,disordered
GLU,408,33.72,0.820219,Q86UU1,disordered
PRO,409,43.68,0.874825,Q86UU1,disordered
PRO,410,39.35,0.89021,Q86UU1,disordered
GLY,411,39.57,0.748235,Q86UU1,disordered
SER,412,35.84,0.937705,Q86UU1,disordered
GLU,413,36.62,0.736066,Q86UU1,disordered
ARG,414,35.23,0.859751,Q86UU1,disordered
VAL,415,32.0,0.7175,Q86UU1,disordered
LEU,416,34.21,0.782778,Q86UU1,disordered
THR,417,29.62,0.741096,Q86UU1,disordered
THR,418,34.13,0.933562,Q86UU1,disordered
SER,419,29.31,0.881148,Q86UU1,disordered
PRO,420,38.2,0.866434,Q86UU1,disordered
SER,421,31.21,0.820492,Q86UU1,disordered
ARG,422,31.47,0.867635,Q86UU1,disordered
GLN,423,31.72,0.650794,Q86UU1,disordered
LEU,424,31.5,0.852778,Q86UU1,disordered
VAL,425,36.49,0.835625,Q86UU1,disordered
GLY,426,30.2,0.767059,Q86UU1,disordered
ARG,427,37.27,0.948963,Q86UU1,disordered
THR,428,26.98,0.767123,Q86UU1,disordered
PHE,429,37.7,0.851835,Q86UU1,disordered
SER,430,31.48,0.671311,Q86UU1,disordered
ASP,431,32.86,1.058278,Q86UU1,disordered
GLY,432,31.61,0.755294,Q86UU1,disordered
LEU,433,31.73,1.024444,Q86UU1,disordered
ALA,434,33.56,0.741593,Q86UU1,disordered
THR,435,28.94,0.835616,Q86UU1,disordered
ARG,436,31.89,0.957676,Q86UU1,disordered
THR,437,28.48,0.69726,Q86UU1,disordered
LEU,438,29.83,0.845556,Q86UU1,disordered
GLN,439,27.96,0.867725,Q86UU1,disordered
PRO,440,33.04,0.672727,Q86UU1,disordered
PRO,441,45.49,0.832867,Q86UU1,disordered
GLU,442,30.83,0.954645,Q86UU1,disordered
SER,443,31.57,0.756557,Q86UU1,disordered
PRO,444,49.47,0.939161,Q86UU1,disordered
ARG,445,32.22,0.870124,Q86UU1,disordered
LEU,446,33.87,1.012222,Q86UU1,disordered
GLY,447,33.09,0.828235,Q86UU1,disordered
ARG,448,32.64,0.895021,Q86UU1,disordered
ARG,449,30.68,0.941494,Q86UU1,disordered
GLY,450,30.02,0.884706,Q86UU1,disordered
LEU,451,30.84,0.893333,Q86UU1,disordered
ASP,452,33.37,0.925166,Q86UU1,disordered
SER,453,29.76,0.72459,Q86UU1,disordered
MET,454,31.13,0.707843,Q86UU1,disordered
ARG,455,32.73,0.813278,Q86UU1,disordered
GLU,456,34.71,0.963388,Q86UU1,disordered
LEU,457,37.09,0.898333,Q86UU1,disordered
PRO,458,44.6,0.765035,Q86UU1,disordered
PRO,459,38.08,0.825874,Q86UU1,disordered
LEU,460,28.65,0.865556,Q86UU1,disordered
SER,461,36.14,0.895082,Q86UU1,disordered
PRO,462,37.95,0.916084,Q86UU1,disordered
SER,463,30.67,0.861475,Q86UU1,disordered
LEU,464,33.28,0.928333,Q86UU1,disordered
SER,465,33.94,0.878689,Q86UU1,disordered
ARG,466,33.25,0.813693,Q86UU1,disordered
ARG,467,31.06,0.799585,Q86UU1,disordered
ALA,468,35.06,0.628319,Q86UU1,disordered
LEU,469,31.13,0.873889,Q86UU1,disordered
SER,470,36.39,0.87623,Q86UU1,disordered
PRO,471,42.33,0.734266,Q86UU1,disordered
LEU,472,34.27,0.92,Q86UU1,disordered
PRO,473,42.86,0.714685,Q86UU1,disordered
THR,474,28.81,0.879452,Q86UU1,disordered
ARG,475,29.75,0.90332,Q86UU1,disordered
THR,476,30.44,0.773973,Q86UU1,disordered
THR,477,32.17,0.840411,Q86UU1,disordered
PRO,478,40.27,0.825175,Q86UU1,disordered
ASP,479,34.7,0.935099,Q86UU1,disordered
PRO,480,41.88,0.653147,Q86UU1,disordered
LYS,481,32.14,0.824645,Q86UU1,disordered
LEU,482,31.68,0.8,Q86UU1,disordered
ASN,483,29.52,0.803165,Q86UU1,disordered
ARG,484,29.76,0.80083,Q86UU1,disordered
GLU,485,26.06,0.7,Q86UU1,disordered
VAL,486,29.95,0.864375,Q86UU1,disordered
ALA,487,27.32,0.769027,Q86UU1,disordered
GLU,488,27.28,0.945902,Q86UU1,disordered
SER,489,32.13,0.891803,Q86UU1,disordered
PRO,490,38.65,0.841958,Q86UU1,disordered
ARG,491,36.41,0.906639,Q86UU1,disordered
PRO,492,38.74,0.657343,Q86UU1,disordered
ARG,493,37.5,0.890871,Q86UU1,disordered
ARG,494,30.48,0.723651,Q86UU1,disordered
TRP,495,30.59,0.771042,Q86UU1,disordered
ALA,496,37.15,0.823894,Q86UU1,disordered
ALA,497,35.99,0.736283,Q86UU1,disordered
HIS,498,33.59,0.979897,Q86UU1,disordered
GLY,499,32.5,0.794118,Q86UU1,disordered
ALA,500,33.39,0.90177,Q86UU1,disordered
SER,501,31.86,0.87377,Q86UU1,disordered
PRO,502,43.3,0.665734,Q86UU1,disordered
GLU,503,31.96,0.868852,Q86UU1,disordered
ASP,504,31.13,0.812583,Q86UU1,disordered
PHE,505,26.48,0.884404,Q86UU1,disordered
SER,506,25.28,0.75,Q86UU1,disordered
LEU,507,28.61,0.875,Q86UU1,disordered
THR,508,24.77,0.868493,Q86UU1,disordered
LEU,509,23.68,0.984444,Q86UU1,disordered
GLY,510,25.75,0.8,Q86UU1,disordered
ALA,511,28.31,0.855752,Q86UU1,disordered
ARG,512,24.98,0.987552,Q86UU1,disordered
GLY,513,26.1,0.883529,Q86UU1,disordered
ARG,514,29.9,0.820332,Q86UU1,disordered
ARG,515,28.01,0.844398,Q86UU1,disordered
THR,516,32.13,0.863699,Q86UU1,disordered
ARG,517,34.73,0.90166,Q86UU1,disordered
SER,518,34.17,0.718852,Q86UU1,disordered
PRO,519,39.34,0.84965,Q86UU1,disordered
SER,520,35.58,0.854918,Q86UU1,disordered
PRO,521,41.67,0.747552,Q86UU1,disordered
THR,522,30.94,0.790411,Q86UU1,disordered
LEU,523,29.13,0.922222,Q86UU1,disordered
GLY,524,33.31,0.824706,Q86UU1,disordered
GLU,525,26.21,0.926776,Q86UU1,disordered
SER,526,26.65,0.868852,Q86UU1,disordered
LEU,527,33.66,0.930556,Q86UU1,disordered
ALA,528,32.51,0.792035,Q86UU1,disordered
PRO,529,38.65,0.668531,Q86UU1,disordered
HIS,530,35.08,0.835567,Q86UU1,disordered
LYS,531,30.66,0.920379,Q86UU1,disordered
GLY,532,35.06,0.930588,Q86UU1,disordered
SER,533,32.01,0.786885,Q86UU1,disordered
PHE,534,31.17,0.878899,Q86UU1,disordered
SER,535,31.38,0.954918,Q86UU1,disordered
GLY,536,31.6,0.772941,Q86UU1,disordered
ARG,537,32.82,0.772614,Q86UU1,disordered
LEU,538,35.9,0.831667,Q86UU1,disordered
SER,539,31.77,0.812295,Q86UU1,disordered
PRO,540,40.33,0.846154,Q86UU1,disordered
ALA,541,31.16,0.755752,Q86UU1,disordered
TYR,542,31.42,0.915284,Q86UU1,disordered
SER,543,35.71,0.895082,Q86UU1,disordered
LEU,544,33.33,0.935,Q86UU1,disordered
GLY,545,31.74,0.887059,Q86UU1,disordered
SER,546,31.77,0.843443,Q86UU1,disordered
LEU,547,30.55,0.853333,Q86UU1,disordered
THR,548,29.6,1.007534,Q86UU1,disordered
GLY,549,29.21,0.817647,Q86UU1,disordered
ALA,550,32.4,0.860177,Q86UU1,disordered
SER,551,28.24,0.936066,Q86UU1,disordered
PRO,552,37.07,0.853846,Q86UU1,disordered
CYS,553,26.26,0.809286,Q86UU1,disordered
GLN,554,35.54,1.001587,Q86UU1,disordered
SER,555,32.42,0.780328,Q86UU1,disordered
PRO,556,39.66,0.952448,Q86UU1,disordered
CYS,557,30.02,0.717857,Q86UU1,disordered
VAL,558,36.8,0.869375,Q86UU1,disordered
GLN,559,29.56,0.697354,Q86UU1,disordered
ARG,560,29.65,0.763485,Q86UU1,disordered
LYS,561,33.91,0.888152,Q86UU1,disordered
LEU,562,32.34,0.772778,Q86UU1,disordered
SER,563,31.11,0.633607,Q86UU1,disordered
SER,564,31.39,0.54918,Q86UU1,disordered
GLY,565,30.94,0.956471,Q86UU1,disordered
ASP,566,32.69,0.909934,Q86UU1,disordered
LEU,567,35.12,0.691111,Q86UU1,disordered
ARG,568,33.55,0.878838,Q86UU1,disordered
VAL,569,37.06,0.85875,Q86UU1,disordered
PRO,570,35.19,0.794406,Q86UU1,disordered
VAL,571,34.21,0.82375,Q86UU1,disordered
THR,572,35.3,0.834247,Q86UU1,disordered
ARG,573,39.89,0.953527,Q86UU1,disordered
GLU,574,40.8,0.786339,Q86UU1,disordered
ARG,575,34.06,0.934855,Q86UU1,disordered
LYS,576,43.54,0.709005,Q86UU1,disordered
ASN,577,45.55,0.901266,Q86UU1,intermediate
SER,578,44.53,0.436066,Q86UU1,intermediate
ILE,579,51.51,0.811538,Q86UU1,intermediate
THR,580,53.7,0.691096,Q86UU1,intermediate
GLU,581,47.75,0.496721,Q86UU1,intermediate
ILE,582,43.63,0.587912,Q86UU1,intermediate
SER,583,50.18,0.722131,Q86UU1,intermediate
ASP,584,52.84,0.888742,Q86UU1,intermediate
ASN,585,53.96,0.496203,Q86UU1,intermediate
GLU,586,67.14,0.651366,Q86UU1,intermediate
ASP,587,76.47,0.816556,Q86UU1,ordered
ASP,588,73.55,0.678146,Q86UU1,ordered
LEU,589,73.75,0.611111,Q86UU1,ordered
LEU,590,77.88,0.616111,Q86UU1,ordered
GLU,591,79.06,0.248634,Q86UU1,ordered
TYR,592,72.34,0.559389,Q86UU1,ordered
HIS,593,86.4,0.579381,Q86UU1,ordered
ARG,594,84.13,0.599585,Q86UU1,ordered
ARG,595,82.59,0.608299,Q86UU1,ordered
GLN,596,81.82,0.368254,Q86UU1,ordered
ARG,597,83.81,0.698755,Q86UU1,ordered
GLN,598,84.06,0.468783,Q86UU1,ordered
GLU,599,78.07,0.63224,Q86UU1,ordered
ARG,600,81.26,0.56473,Q86UU1,ordered
LEU,601,83.52,0.581111,Q86UU1,ordered
ARG,602,83.52,0.640664,Q86UU1,ordered
GLU,603,82.56,0.654098,Q86UU1,ordered
GLN,604,83.34,0.658201,Q86UU1,ordered
GLU,605,85.91,0.645355,Q86UU1,ordered
MET,606,78.82,0.639216,Q86UU1,ordered
GLU,607,84.65,0.501639,Q86UU1,intermediate
ARG,608,87.79,0.724066,Q86UU1,intermediate
LEU,609,88.34,0.547778,Q86UU1,intermediate
GLU,610,86.96,0.570492,Q86UU1,intermediate
ARG,611,89.61,0.572614,Q86UU1,intermediate
GLN,612,89.57,0.543386,Q86UU1,intermediate
ARG,613,87.88,0.607469,Q86UU1,intermediate
LEU,614,91.34,0.492778,Q86UU1,intermediate
GLU,615,90.49,0.593443,Q86UU1,intermediate
THR,616,88.71,0.493836,Q86UU1,intermediate
ILE,617,83.9,0.392857,Q86UU1,intermediate
LEU,618,84.14,0.675,Q86UU1,intermediate
ASN,619,84.37,0.531646,Q86UU1,intermediate
LEU,620,83.22,0.494444,Q86UU1,intermediate
CYS,621,80.79,0.531429,Q86UU1,intermediate
ALA,622,80.36,0.451327,Q86UU1,intermediate
GLU,623,80.67,0.619126,Q86UU1,intermediate
TYR,624,74.01,0.759389,Q86UU1,intermediate
SER,625,69.48,0.804918,Q86UU1,intermediate
ARG,626,64.61,0.858091,Q86UU1,intermediate
ALA,627,59.67,0.70708,Q86UU1,intermediate
ASP,628,55.93,0.987417,Q86UU1,intermediate
GLY,629,43.8,0.737647,Q86UU1,disordered
GLY,630,41.21,0.864706,Q86UU1,disordered
PRO,631,40.5,0.824476,Q86UU1,disordered
GLU,632,34.73,0.889071,Q86UU1,disordered
ALA,633,36.57,0.893805,Q86UU1,disordered
GLY,634,33.83,0.864706,Q86UU1,disordered
GLU,635,36.1,1.0,Q86UU1,disordered
LEU,636,33.84,0.950556,Q86UU1,disordered
PRO,637,38.23,0.823776,Q86UU1,disordered
SER,638,33.71,0.85082,Q86UU1,disordered
ILE,639,33.8,0.968681,Q86UU1,disordered
GLY,640,32.9,0.768235,Q86UU1,disordered
GLU,641,37.66,0.977596,Q86UU1,disordered
ALA,642,29.16,0.954867,Q86UU1,disordered
THR,643,31.81,0.875342,Q86UU1,disordered
ALA,644,33.36,0.844248,Q86UU1,disordered
ALA,645,33.62,0.756637,Q86UU1,disordered
LEU,646,31.9,1.036111,Q86UU1,disordered
ALA,647,34.1,0.858407,Q86UU1,disordered
LEU,648,32.57,0.949444,Q86UU1,disordered
ALA,649,31.82,0.950442,Q86UU1,disordered
GLY,650,31.78,0.951765,Q86UU1,disordered
ARG,651,33.54,0.997095,Q86UU1,disordered
ARG,652,36.42,0.941909,Q86UU1,disordered
PRO,653,36.01,0.772028,Q86UU1,disordered
SER,654,31.43,0.842623,Q86UU1,disordered
ARG,655,29.89,1.018257,Q86UU1,disordered
GLY,656,28.64,0.845882,Q86UU1,disordered
LEU,657,34.11,0.941667,Q86UU1,disordered
ALA,658,28.6,0.937168,Q86UU1,disordered
GLY,659,30.95,0.792941,Q86UU1,disordered
ALA,660,31.82,0.897345,Q86UU1,disordered
SER,661,30.05,1.014754,Q86UU1,disordered
GLY,662,31.55,0.764706,Q86UU1,disordered
ARG,663,31.34,0.958091,Q86UU1,disordered
SER,664,27.46,0.961475,Q86UU1,disordered
SER,665,27.89,0.777049,Q86UU1,disordered
GLU,666,33.95,0.965027,Q86UU1,disordered
GLU,667,32.19,0.842623,Q86UU1,disordered
PRO,668,37.32,0.841958,Q86UU1,disordered
GLY,669,32.88,0.657647,Q86UU1,disordered
VAL,670,30.03,0.845625,Q86UU1,disordered
ALA,671,31.47,0.849558,Q86UU1,disordered
THR,672,35.09,0.926027,Q86UU1,disordered
GLN,673,32.66,0.853439,Q86UU1,disordered
ARG,674,34.56,0.910788,Q86UU1,disordered
LEU,675,30.78,0.827778,Q86UU1,disordered
TRP,676,32.0,0.889961,Q86UU1,disordered
GLU,677,33.31,0.825683,Q86UU1,disordered
SER,678,31.88,0.922951,Q86UU1,disordered
MET,679,28.12,0.878431,Q86UU1,disordered
GLU,680,34.82,0.730601,Q86UU1,disordered
ARG,681,35.78,0.857261,Q86UU1,disordered
SER,682,33.25,0.844262,Q86UU1,disordered
ASP,683,36.03,0.952318,Q86UU1,disordered
GLU,684,37.86,0.938251,Q86UU1,disordered
GLU,685,33.58,0.981421,Q86UU1,disordered
ASN,686,32.91,0.770886,Q86UU1,disordered
LEU,687,41.79,0.675,Q86UU1,disordered
LYS,688,36.24,0.964929,Q86UU1,disordered
GLU,689,42.61,0.830601,Q86UU1,disordered
GLU,690,34.55,0.94918,Q86UU1,disordered
CYS,691,32.01,0.939286,Q86UU1,disordered
SER,692,32.87,0.92623,Q86UU1,disordered
SER,693,41.26,0.804918,Q86UU1,disordered
THR,694,32.95,0.90274,Q86UU1,disordered
GLU,695,28.62,0.848634,Q86UU1,disordered
SER,696,40.55,0.77623,Q86UU1,disordered
THR,697,34.45,0.630822,Q86UU1,disordered
GLN,698,33.89,0.944974,Q86UU1,disordered
GLN,699,33.78,0.853968,Q86UU1,disordered
GLU,700,31.71,0.866667,Q86UU1,disordered
HIS,701,32.09,0.717526,Q86UU1,disordered
GLU,702,31.04,0.868852,Q86UU1,intermediate
ASP,703,30.81,0.959603,Q86UU1,intermediate
ALA,704,38.55,0.735398,Q86UU1,intermediate
PRO,705,46.99,0.824476,Q86UU1,intermediate
SER,706,32.98,0.859016,Q86UU1,intermediate
THR,707,40.33,0.792466,Q86UU1,intermediate
LYS,708,42.3,0.775829,Q86UU1,intermediate
LEU,709,47.73,0.715556,Q86UU1,intermediate
GLN,710,49.32,0.77672,Q86UU1,intermediate
GLY,711,59.25,0.634118,Q86UU1,intermediate
GLU,712,58.94,0.537158,Q86UU1,intermediate
VAL,713,62.45,0.333125,Q86UU1,intermediate
LEU,714,73.23,0.635556,Q86UU1,ordered
ALA,715,76.99,0.515929,Q86UU1,ordered
LEU,716,81.68,0.606667,Q86UU1,ordered
GLU,717,81.98,0.551366,Q86UU1,ordered
GLU,718,84.63,0.622404,Q86UU1,ordered
GLU,719,83.83,0.589617,Q86UU1,ordered
ARG,720,89.98,0.653942,Q86UU1,ordered
ALA,721,88.85,0.532743,Q86UU1,ordered
GLN,722,90.59,0.555026,Q86UU1,ordered
VAL,723,91.77,0.498125,Q86UU1,ordered
LEU,724,93.62,0.506667,Q86UU1,ordered
GLY,725,92.14,0.465882,Q86UU1,ordered
HIS,726,94.54,0.570619,Q86UU1,ordered
VAL,727,95.55,0.375,Q86UU1,ordered
GLU,728,94.35,0.501093,Q86UU1,ordered
GLN,729,95.03,0.660317,Q86UU1,ordered
LEU,730,96.0,0.613889,Q86UU1,ordered
LYS,731,95.13,0.464929,Q86UU1,ordered
VAL,732,95.57,0.575625,Q86UU1,ordered
ARG,733,96.17,0.4361,Q86UU1,ordered
VAL,734,96.11,0.468125,Q86UU1,ordered
LYS,735,96.09,0.651185,Q86UU1,ordered
GLU,736,95.67,0.380874,Q86UU1,ordered
LEU,737,96.2,0.479444,Q86UU1,ordered
GLU,738,93.19,0.586339,Q86UU1,ordered
GLN,739,95.89,0.538095,Q86UU1,ordered
GLN,740,94.19,0.438095,Q86UU1,ordered
LEU,741,95.35,0.695,Q86UU1,ordered
GLN,742,95.4,0.728571,Q86UU1,ordered
GLU,743,92.26,0.524044,Q86UU1,ordered
SER,744,90.21,0.522131,Q86UU1,ordered
ALA,745,93.92,0.50708,Q86UU1,ordered
ARG,746,94.33,0.574689,Q86UU1,ordered
GLU,747,90.32,0.638798,Q86UU1,ordered
ALA,748,93.47,0.284956,Q86UU1,ordered
GLU,749,93.31,0.678142,Q86UU1,ordered
MET,750,92.81,0.495098,Q86UU1,ordered
GLU,751,89.73,0.607104,Q86UU1,ordered
ARG,752,92.21,0.671369,Q86UU1,ordered
ALA,753,93.16,0.580531,Q86UU1,ordered
LEU,754,90.97,0.627778,Q86UU1,ordered
LEU,755,91.51,0.609444,Q86UU1,ordered
GLN,756,92.22,0.347619,Q86UU1,ordered
GLY,757,90.78,0.452941,Q86UU1,ordered
GLU,758,87.8,0.636612,Q86UU1,ordered
ARG,759,91.35,0.528216,Q86UU1,ordered
GLU,760,93.88,0.519126,Q86UU1,ordered
ALA,761,91.18,0.541593,Q86UU1,ordered
GLU,762,86.99,0.679235,Q86UU1,ordered
ARG,763,93.63,0.446888,Q86UU1,ordered
ALA,764,93.51,0.560177,Q86UU1,ordered
LEU,765,92.86,0.51,Q86UU1,ordered
LEU,766,90.7,0.631111,Q86UU1,ordered
GLN,767,93.67,0.610053,Q86UU1,ordered
LYS,768,93.26,0.683412,Q86UU1,ordered
GLU,769,87.99,0.546448,Q86UU1,ordered
GLN,770,92.23,0.53545,Q86UU1,ordered
LYS,771,95.08,0.561137,Q86UU1,ordered
ALA,772,92.14,0.411504,Q86UU1,ordered
VAL,773,86.2,0.42375,Q86UU1,ordered
ASP,774,93.81,0.463576,Q86UU1,ordered
GLN,775,93.22,0.510053,Q86UU1,ordered
LEU,776,90.31,0.620556,Q86UU1,ordered
GLN,777,90.04,0.57672,Q86UU1,ordered
GLU,778,94.68,0.716393,Q86UU1,ordered
LYS,779,93.52,0.544076,Q86UU1,ordered
LEU,780,87.01,0.628889,Q86UU1,ordered
VAL,781,93.13,0.54,Q86UU1,ordered
ALA,782,93.48,0.572566,Q86UU1,ordered
LEU,783,89.55,0.65,Q86UU1,ordered
GLU,784,87.94,0.675956,Q86UU1,ordered
THR,785,92.19,0.506164,Q86UU1,ordered
GLY,786,91.64,0.357647,Q86UU1,ordered
ILE,787,87.28,0.543956,Q86UU1,ordered
GLN,788,86.16,0.534392,Q86UU1,ordered
LYS,789,92.18,0.620379,Q86UU1,ordered
GLU,790,84.61,0.485792,Q86UU1,ordered
ARG,791,85.41,0.491701,Q86UU1,ordered
ASP,792,89.06,0.470861,Q86UU1,ordered
LYS,793,91.62,0.529384,Q86UU1,ordered
GLU,794,85.1,0.447541,Q86UU1,ordered
ALA,795,87.22,0.499115,Q86UU1,ordered
GLU,796,90.14,0.707104,Q86UU1,ordered
ALA,797,89.79,0.475221,Q86UU1,ordered
LEU,798,87.06,0.578333,Q86UU1,ordered
GLU,799,86.7,0.56776,Q86UU1,ordered
THR,800,89.07,0.559589,Q86UU1,ordered
GLU,801,86.49,0.661749,Q86UU1,ordered
THR,802,85.17,0.493151,Q86UU1,ordered
LYS,803,93.3,0.473934,Q86UU1,ordered
LEU,804,93.31,0.685,Q86UU1,ordered
PHE,805,85.18,0.557339,Q86UU1,ordered
GLU,806,83.04,0.614208,Q86UU1,ordered
ASP,807,92.35,0.607285,Q86UU1,ordered
LEU,808,89.4,0.543333,Q86UU1,ordered
GLU,809,82.93,0.53224,Q86UU1,ordered
PHE,810,87.99,0.577523,Q86UU1,ordered
GLN,811,89.99,0.431217,Q86UU1,ordered
GLN,812,85.86,0.542328,Q86UU1,ordered
LEU,813,85.96,0.628889,Q86UU1,ordered
GLU,814,84.32,0.459563,Q86UU1,ordered
ARG,815,89.84,0.541079,Q86UU1,ordered
GLU,816,79.66,0.536612,Q86UU1,ordered
SER,817,83.22,0.607377,Q86UU1,ordered
ARG,818,91.46,0.627386,Q86UU1,ordered
VAL,819,88.83,0.599375,Q86UU1,ordered
GLU,820,83.46,0.501093,Q86UU1,ordered
GLU,821,87.19,0.633333,Q86UU1,ordered
GLU,822,88.05,0.71694,Q86UU1,ordered
ARG,823,88.96,0.641079,Q86UU1,ordered
GLU,824,84.79,0.595082,Q86UU1,ordered
LEU,825,91.72,0.543333,Q86UU1,ordered
ALA,826,89.81,0.511504,Q86UU1,ordered
GLY,827,87.15,0.329412,Q86UU1,ordered
GLN,828,90.17,0.328571,Q86UU1,ordered
GLY,829,91.14,0.377647,Q86UU1,ordered
LEU,830,91.42,0.718333,Q86UU1,ordered
LEU,831,90.96,0.631667,Q86UU1,ordered
ARG,832,92.92,0.551037,Q86UU1,ordered
SER,833,91.41,0.445082,Q86UU1,ordered
LYS,834,92.27,0.596682,Q86UU1,ordered
ALA,835,93.98,0.393805,Q86UU1,ordered
GLU,836,94.87,0.585792,Q86UU1,ordered
LEU,837,94.18,0.595,Q86UU1,ordered
LEU,838,94.57,0.582222,Q86UU1,ordered
ARG,839,94.34,0.640249,Q86UU1,ordered
SER,840,93.61,0.367213,Q86UU1,ordered
ILE,841,91.97,0.466484,Q86UU1,ordered
ALA,842,94.44,0.516814,Q86UU1,ordered
LYS,843,95.67,0.579147,Q86UU1,ordered
ARG,844,95.95,0.583402,Q86UU1,ordered
LYS,845,94.22,0.658294,Q86UU1,ordered
GLU,846,94.1,0.624044,Q86UU1,ordered
ARG,847,95.71,0.607884,Q86UU1,ordered
LEU,848,91.76,0.56,Q86UU1,ordered
ALA,849,93.91,0.549558,Q86UU1,ordered
ILE,850,95.07,0.501648,Q86UU1,ordered
LEU,851,93.47,0.564444,Q86UU1,ordered
ASP,852,91.97,0.665563,Q86UU1,ordered
SER,853,93.82,0.62377,Q86UU1,ordered
GLN,854,93.86,0.503175,Q86UU1,ordered
ALA,855,91.92,0.3,Q86UU1,ordered
GLY,856,93.41,0.334118,Q86UU1,ordered
GLN,857,94.15,0.682011,Q86UU1,ordered
ILE,858,93.31,0.623077,Q86UU1,ordered
ARG,859,91.59,0.617427,Q86UU1,ordered
ALA,860,92.58,0.532743,Q86UU1,ordered
GLN,861,93.18,0.52381,Q86UU1,ordered
ALA,862,91.69,0.488496,Q86UU1,ordered
VAL,863,92.7,0.523125,Q86UU1,ordered
GLN,864,93.45,0.683598,Q86UU1,ordered
GLU,865,92.59,0.495628,Q86UU1,ordered
SER,866,90.83,0.516393,Q86UU1,ordered
GLU,867,91.46,0.470492,Q86UU1,ordered
ARG,868,93.47,0.543154,Q86UU1,ordered
LEU,869,92.35,0.627222,Q86UU1,ordered
ALA,870,90.69,0.395575,Q86UU1,ordered
ARG,871,92.21,0.575934,Q86UU1,ordered
ASP,872,91.23,0.419868,Q86UU1,ordered
LYS,873,90.45,0.609005,Q86UU1,ordered
ASN,874,90.38,0.547468,Q86UU1,ordered
ALA,875,93.0,0.49646,Q86UU1,ordered
SER,876,89.62,0.581967,Q86UU1,ordered
LEU,877,88.12,0.447222,Q86UU1,ordered
GLN,878,89.77,0.716402,Q86UU1,ordered
LEU,879,90.63,0.561667,Q86UU1,ordered
LEU,880,86.87,0.526111,Q86UU1,ordered
GLN,881,84.58,0.584127,Q86UU1,ordered
LYS,882,89.96,0.56019,Q86UU1,ordered
GLU,883,86.31,0.42459,Q86UU1,ordered
LYS,884,84.92,0.667299,Q86UU1,ordered
GLU,885,87.17,0.523497,Q86UU1,ordered
LYS,886,89.57,0.470616,Q86UU1,intermediate
LEU,887,84.74,0.463333,Q86UU1,intermediate
THR,888,84.68,0.352055,Q86UU1,intermediate
VAL,889,88.07,0.52625,Q86UU1,intermediate
LEU,890,86.22,0.568333,Q86UU1,intermediate
GLU,891,84.06,0.450273,Q86UU1,intermediate
ARG,892,84.63,0.622822,Q86UU1,intermediate
ARG,893,84.91,0.686307,Q86UU1,intermediate
TYR,894,82.64,0.246288,Q86UU1,intermediate
HIS,895,82.57,0.485052,Q86UU1,intermediate
SER,896,83.04,0.810656,Q86UU1,intermediate
LEU,897,82.54,0.787222,Q86UU1,intermediate
THR,898,76.34,0.30274,Q86UU1,intermediate
GLY,899,74.99,0.892941,Q86UU1,intermediate
GLY,900,76.81,0.538824,Q86UU1,intermediate
ARG,901,73.15,0.697095,Q86UU1,intermediate
PRO,902,69.46,0.591608,Q86UU1,intermediate
PHE,903,70.77,0.534404,Q86UU1,intermediate
PRO,904,66.57,0.588112,Q86UU1,intermediate
LYS,905,56.9,0.952133,Q86UU1,intermediate
THR,906,51.39,0.758219,Q86UU1,intermediate
THR,907,44.5,0.856164,Q86UU1,disordered
SER,908,48.79,0.758197,Q86UU1,disordered
THR,909,54.1,0.616438,Q86UU1,intermediate
LEU,910,50.5,0.725,Q86UU1,intermediate
LYS,911,51.5,0.809953,Q86UU1,intermediate
GLU,912,54.56,0.702732,Q86UU1,intermediate
MET,913,49.08,0.558824,Q86UU1,disordered
GLU,914,50.48,0.787978,Q86UU1,intermediate
LYS,915,53.13,0.81564,Q86UU1,intermediate
LEU,916,51.32,0.832778,Q86UU1,intermediate
LEU,917,50.48,0.695556,Q86UU1,intermediate
LEU,918,47.78,0.913889,Q86UU1,disordered
PRO,919,47.52,0.832168,Q86UU1,disordered
ALA,920,46.51,0.868142,Q86UU1,disordered
VAL,921,58.21,0.805625,Q86UU1,intermediate
ASP,922,61.18,0.580795,Q86UU1,intermediate
LEU,923,66.56,0.693333,Q86UU1,intermediate
GLU,924,70.22,0.70765,Q86UU1,intermediate
GLN,925,68.6,0.637566,Q86UU1,intermediate
TRP,926,73.97,0.523166,Q86UU1,intermediate
TYR,927,70.26,0.59083,Q86UU1,intermediate
GLN,928,72.98,0.626984,Q86UU1,intermediate
GLU,929,72.5,0.712568,Q86UU1,intermediate
LEU,930,73.33,0.542222,Q86UU1,intermediate
MET,931,71.34,0.694608,Q86UU1,intermediate
ALA,932,72.32,0.749558,Q86UU1,intermediate
GLY,933,58.45,0.717647,Q86UU1,intermediate
LEU,934,48.69,0.944444,Q86UU1,disordered
GLY,935,41.73,0.672941,Q86UU1,disordered
THR,936,44.19,1.029452,Q86UU1,disordered
GLY,937,44.26,0.86,Q86UU1,disordered
PRO,938,43.28,0.898601,Q86UU1,disordered
ALA,939,35.36,0.822124,Q86UU1,disordered
ALA,940,36.19,0.895575,Q86UU1,disordered
ALA,941,39.41,0.955752,Q86UU1,disordered
SER,942,32.88,0.910656,Q86UU1,disordered
PRO,943,41.58,0.652448,Q86UU1,disordered
HIS,944,37.58,0.896392,Q86UU1,disordered
SER,945,39.45,1.010656,Q86UU1,disordered
SER,946,30.78,0.853279,Q86UU1,disordered
PRO,947,44.52,0.793706,Q86UU1,disordered
PRO,948,44.79,0.862238,Q86UU1,disordered
PRO,949,41.99,0.838462,Q86UU1,disordered
LEU,950,36.48,0.908889,Q86UU1,disordered
PRO,951,40.22,0.78951,Q86UU1,disordered
ALA,952,30.93,0.918584,Q86UU1,disordered
LYS,953,34.28,0.923697,Q86UU1,disordered
ALA,954,31.48,0.904425,Q86UU1,disordered
SER,955,30.9,0.936885,Q86UU1,disordered
ARG,956,34.04,0.968465,Q86UU1,disordered
GLN,957,30.22,0.914815,Q86UU1,disordered
LEU,958,32.55,1.001667,Q86UU1,disordered
GLN,959,33.11,0.865079,Q86UU1,disordered
VAL,960,33.5,0.919375,Q86UU1,disordered
TYR,961,31.93,0.751092,Q86UU1,disordered
ARG,962,33.02,0.743568,Q86UU1,disordered
SER,963,28.44,0.842623,Q86UU1,disordered
LYS,964,34.76,0.831754,Q86UU1,disordered
MET,965,31.52,0.756863,Q86UU1,disordered
ASP,966,35.71,0.907947,Q86UU1,disordered
GLY,967,31.63,0.727059,Q86UU1,disordered
GLU,968,32.63,1.052459,Q86UU1,disordered
ALA,969,31.5,0.666372,Q86UU1,disordered
THR,970,35.98,0.943836,Q86UU1,disordered
SER,971,28.15,0.822951,Q86UU1,disordered
PRO,972,37.69,0.867133,Q86UU1,disordered
LEU,973,32.48,0.87,Q86UU1,disordered
PRO,974,41.58,0.813287,Q86UU1,disordered
ARG,975,38.17,0.973444,Q86UU1,disordered
THR,976,34.9,0.843151,Q86UU1,disordered
ARG,977,39.13,0.907054,Q86UU1,disordered
SER,978,37.99,0.877869,Q86UU1,disordered
GLY,979,36.78,0.852941,Q86UU1,disordered
PRO,980,43.32,0.934965,Q86UU1,disordered
LEU,981,40.15,0.907222,Q86UU1,disordered
PRO,982,47.53,0.82028,Q86UU1,disordered
SER,983,37.81,0.870492,Q86UU1,disordered
SER,984,38.83,0.87623,Q86UU1,disordered
SER,985,39.37,0.990984,Q86UU1,disordered
GLY,986,36.91,0.895294,Q86UU1,disordered
SER,987,37.12,0.855738,Q86UU1,disordered
SER,988,32.91,0.889344,Q86UU1,disordered
SER,989,34.16,0.836885,Q86UU1,disordered
SER,990,31.61,0.861475,Q86UU1,disordered
SER,991,30.97,0.762295,Q86UU1,disordered
SER,992,30.86,0.795902,Q86UU1,disordered
GLN,993,30.2,0.841799,Q86UU1,disordered
LEU,994,29.92,0.821111,Q86UU1,disordered
SER,995,30.46,0.771311,Q86UU1,disordered
VAL,996,26.72,0.849375,Q86UU1,disordered
ALA,997,31.28,0.840708,Q86UU1,disordered
THR,998,30.44,0.757534,Q86UU1,disordered
LEU,999,29.61,0.961111,Q86UU1,disordered
GLY,1000,29.7,0.758824,Q86UU1,disordered
ARG,1001,36.43,1.003734,Q86UU1,disordered
SER,1002,35.86,0.821311,Q86UU1,disordered
PRO,1003,38.77,0.871329,Q86UU1,disordered
SER,1004,32.53,0.841803,Q86UU1,disordered
PRO,1005,47.21,0.684615,Q86UU1,disordered
LYS,1006,37.29,0.920853,Q86UU1,disordered
SER,1007,32.05,0.916393,Q86UU1,disordered
ALA,1008,35.49,0.671681,Q86UU1,disordered
LEU,1009,34.64,0.888333,Q86UU1,disordered
LEU,1010,38.02,0.762222,Q86UU1,disordered
THR,1011,35.48,0.738356,Q86UU1,disordered
GLN,1012,39.09,0.824339,Q86UU1,disordered
ASN,1013,33.23,0.891772,Q86UU1,intermediate
GLY,1014,32.16,0.802353,Q86UU1,intermediate
THR,1015,38.29,0.907534,Q86UU1,intermediate
GLY,1016,34.28,1.098824,Q86UU1,intermediate
SER,1017,44.13,0.847541,Q86UU1,intermediate
LEU,1018,47.57,0.671667,Q86UU1,intermediate
PRO,1019,54.6,0.582517,Q86UU1,intermediate
ARG,1020,58.26,0.889627,Q86UU1,intermediate
ASN,1021,67.86,0.802532,Q86UU1,intermediate
LEU,1022,63.66,0.500556,Q86UU1,intermediate
ALA,1023,73.35,0.395575,Q86UU1,ordered
ALA,1024,76.15,0.488496,Q86UU1,ordered
THR,1025,81.71,0.533562,Q86UU1,ordered
LEU,1026,77.15,0.536667,Q86UU1,ordered
GLN,1027,79.86,0.687302,Q86UU1,ordered
ASP,1028,84.39,0.465563,Q86UU1,ordered
ILE,1029,84.08,0.557143,Q86UU1,ordered
GLU,1030,81.76,0.331694,Q86UU1,ordered
THR,1031,85.44,0.482192,Q86UU1,ordered
LYS,1032,88.71,0.588626,Q86UU1,ordered
ARG,1033,86.96,0.548548,Q86UU1,ordered
GLN,1034,85.9,0.55291,Q86UU1,ordered
LEU,1035,87.71,0.531667,Q86UU1,ordered
ALA,1036,86.87,0.49115,Q86UU1,ordered
LEU,1037,81.64,0.573889,Q86UU1,ordered
GLN,1038,84.7,0.72381,Q86UU1,ordered
GLN,1039,85.93,0.613228,Q86UU1,ordered
LYS,1040,83.83,0.672038,Q86UU1,ordered
GLY,1041,82.72,0.350588,Q86UU1,ordered
GLN,1042,86.08,0.556085,Q86UU1,ordered
GLN,1043,87.02,0.713228,Q86UU1,ordered
VAL,1044,86.62,0.509375,Q86UU1,ordered
ILE,1045,85.9,0.466484,Q86UU1,ordered
GLU,1046,86.36,0.50765,Q86UU1,ordered
GLU,1047,88.54,0.457377,Q86UU1,ordered
GLN,1048,85.98,0.55291,Q86UU1,ordered
ARG,1049,87.13,0.640249,Q86UU1,ordered
ARG,1050,92.07,0.634855,Q86UU1,ordered
ARG,1051,88.53,0.574689,Q86UU1,intermediate
LEU,1052,84.45,0.518889,Q86UU1,intermediate
ALA,1053,87.94,0.5,Q86UU1,intermediate
GLU,1054,88.43,0.517486,Q86UU1,intermediate
LEU,1055,87.64,0.651667,Q86UU1,intermediate
LYS,1056,88.47,0.625592,Q86UU1,intermediate
GLN,1057,87.78,0.710582,Q86UU1,intermediate
LYS,1058,86.57,0.703318,Q86UU1,intermediate
ALA,1059,82.87,0.515929,Q86UU1,intermediate
ALA,1060,84.74,0.536283,Q86UU1,intermediate
ALA,1061,84.75,0.466372,Q86UU1,intermediate
GLU,1062,80.66,0.593989,Q86UU1,intermediate
ALA,1063,80.73,0.513274,Q86UU1,intermediate
GLN,1064,79.82,0.613228,Q86UU1,intermediate
CYS,1065,77.09,0.63,Q86UU1,intermediate
GLN,1066,72.16,0.536508,Q86UU1,intermediate
TRP,1067,75.28,0.584556,Q86UU1,intermediate
ASP,1068,77.08,0.523179,Q86UU1,intermediate
ALA,1069,74.19,0.759292,Q86UU1,intermediate
LEU,1070,70.74,0.793889,Q86UU1,intermediate
HIS,1071,64.77,0.559794,Q86UU1,intermediate
GLY,1072,47.65,0.710588,Q86UU1,disordered
ALA,1073,39.52,0.809735,Q86UU1,disordered
ALA,1074,39.98,0.684071,Q86UU1,disordered
PRO,1075,45.65,0.903497,Q86UU1,disordered
PHE,1076,41.01,0.880734,Q86UU1,disordered
PRO,1077,43.49,0.787413,Q86UU1,disordered
ALA,1078,39.59,0.964602,Q86UU1,disordered
GLY,1079,39.1,0.830588,Q86UU1,disordered
PRO,1080,40.52,0.869231,Q86UU1,disordered
SER,1081,37.9,1.022951,Q86UU1,disordered
GLY,1082,36.24,0.769412,Q86UU1,disordered
PHE,1083,35.93,0.962385,Q86UU1,disordered
PRO,1084,44.19,0.83007,Q86UU1,disordered
PRO,1085,40.74,0.758741,Q86UU1,disordered
LEU,1086,35.99,0.866111,Q86UU1,disordered
MET,1087,34.97,0.74951,Q86UU1,disordered
HIS,1088,33.54,0.672165,Q86UU1,disordered
HIS,1089,31.08,0.854639,Q86UU1,disordered
SER,1090,27.38,0.754098,Q86UU1,disordered
ILE,1091,31.33,0.802747,Q86UU1,disordered
LEU,1092,27.26,0.756111,Q86UU1,disordered
HIS,1093,31.2,0.747423,Q86UU1,disordered
HIS,1094,31.81,0.93866,Q86UU1,disordered
LEU,1095,31.81,0.827222,Q86UU1,disordered
PRO,1096,33.1,0.909091,Q86UU1,disordered
ALA,1097,31.18,0.823894,Q86UU1,disordered
GLY,1098,31.88,0.892941,Q86UU1,disordered
ARG,1099,31.45,0.870124,Q86UU1,disordered
GLU,1100,32.0,0.672678,Q86UU1,disordered
ARG,1101,32.17,0.814523,Q86UU1,disordered
GLY,1102,33.62,0.663529,Q86UU1,disordered
GLU,1103,36.35,0.80929,Q86UU1,disordered
GLU,1104,34.92,0.980328,Q86UU1,disordered
GLY,1105,37.13,0.908235,Q86UU1,disordered
GLU,1106,35.71,0.852459,Q86UU1,disordered
HIS,1107,35.96,0.811856,Q86UU1,disordered
ALA,1108,35.79,0.706195,Q86UU1,disordered
TYR,1109,33.01,0.999563,Q86UU1,disordered
ASP,1110,35.28,0.915232,Q86UU1,disordered
THR,1111,38.89,0.819178,Q86UU1,disordered
LEU,1112,39.27,0.879444,Q86UU1,disordered
SER,1113,34.29,0.82377,Q86UU1,disordered
LEU,1114,37.19,0.863889,Q86UU1,disordered
GLU,1115,38.36,0.842623,Q86UU1,disordered
SER,1116,35.35,0.818033,Q86UU1,disordered
SER,1117,35.27,0.914754,Q86UU1,disordered
ASP,1118,36.74,1.075497,Q86UU1,disordered
SER,1119,34.0,0.578689,Q86UU1,disordered
MET,1120,40.59,0.865686,Q86UU1,disordered
GLU,1121,36.52,0.801093,Q86UU1,disordered
THR,1122,33.77,0.900685,Q86UU1,disordered
SER,1123,38.45,0.767213,Q86UU1,disordered
ILE,1124,34.29,0.925275,Q86UU1,disordered
SER,1125,34.05,0.784426,Q86UU1,disordered
THR,1126,34.48,0.923973,Q86UU1,disordered
GLY,1127,34.25,0.901176,Q86UU1,disordered
GLY,1128,36.72,0.891765,Q86UU1,disordered
ASN,1129,35.51,0.986709,Q86UU1,disordered
SER,1130,37.16,1.018033,Q86UU1,disordered
ALA,1131,35.99,0.730088,Q86UU1,disordered
CYS,1132,36.49,0.942857,Q86UU1,disordered
SER,1133,30.79,0.897541,Q86UU1,disordered
PRO,1134,50.26,0.711888,Q86UU1,intermediate
ASP,1135,39.63,0.881457,Q86UU1,disordered
ASN,1136,42.28,0.848734,Q86UU1,intermediate
MET,1137,41.16,0.720098,Q86UU1,intermediate
SER,1138,41.51,0.928689,Q86UU1,intermediate
SER,1139,40.84,0.790164,Q86UU1,intermediate
ALA,1140,39.1,0.913274,Q86UU1,intermediate
SER,1141,42.22,0.905738,Q86UU1,intermediate
GLY,1142,46.83,0.912941,Q86UU1,intermediate
LEU,1143,49.0,0.832222,Q86UU1,intermediate
ASP,1144,56.62,0.700662,Q86UU1,intermediate
MET,1145,62.07,0.744608,Q86UU1,intermediate
GLY,1146,73.55,0.542353,Q86UU1,ordered
LYS,1147,73.84,0.679147,Q86UU1,ordered
ILE,1148,74.11,0.489011,Q86UU1,ordered
GLU,1149,81.62,0.714754,Q86UU1,ordered
GLU,1150,81.41,0.601093,Q86UU1,ordered
MET,1151,77.64,0.512745,Q86UU1,ordered
GLU,1152,81.57,0.490164,Q86UU1,ordered
LYS,1153,88.41,0.611848,Q86UU1,ordered
MET,1154,84.45,0.563235,Q86UU1,ordered
LEU,1155,83.48,0.653889,Q86UU1,ordered
LYS,1156,88.31,0.598104,Q86UU1,ordered
GLU,1157,88.2,0.622951,Q86UU1,ordered
ALA,1158,86.74,0.531858,Q86UU1,ordered
HIS,1159,83.32,0.528351,Q86UU1,ordered
ALA,1160,91.11,0.418584,Q86UU1,ordered
GLU,1161,85.4,0.445902,Q86UU1,ordered
LYS,1162,83.15,0.545972,Q86UU1,ordered
ASN,1163,85.7,0.507595,Q86UU1,ordered
ARG,1164,90.62,0.63527,Q86UU1,ordered
LEU,1165,84.41,0.641111,Q86UU1,ordered
MET,1166,76.2,0.55,Q86UU1,ordered
GLU,1167,85.55,0.471038,Q86UU1,ordered
SER,1168,84.9,0.543443,Q86UU1,ordered
ARG,1169,82.09,0.634855,Q86UU1,ordered
GLU,1170,84.73,0.698907,Q86UU1,ordered
ARG,1171,87.71,0.591286,Q86UU1,ordered
GLU,1172,80.32,0.585792,Q86UU1,ordered
MET,1173,76.0,0.610294,Q86UU1,ordered
GLU,1174,84.88,0.368306,Q86UU1,ordered
LEU,1175,88.35,0.646667,Q86UU1,ordered
ARG,1176,80.56,0.673859,Q86UU1,ordered
ARG,1177,83.37,0.439419,Q86UU1,ordered
GLN,1178,86.81,0.450794,Q86UU1,ordered
ALA,1179,87.32,0.49469,Q86UU1,ordered
LEU,1180,80.37,0.671667,Q86UU1,ordered
GLU,1181,81.93,0.418579,Q86UU1,ordered
GLU,1182,84.45,0.539344,Q86UU1,ordered
GLU,1183,76.96,0.328962,Q86UU1,ordered
ARG,1184,81.38,0.653942,Q86UU1,ordered
ARG,1185,86.02,0.662241,Q86UU1,ordered
ARG,1186,81.35,0.517842,Q86UU1,ordered
ARG,1187,79.02,0.659336,Q86UU1,ordered
GLU,1188,83.33,0.357377,Q86UU1,ordered
GLN,1189,86.76,0.494709,Q86UU1,ordered
VAL,1190,82.24,0.60375,Q86UU1,ordered
GLU,1191,80.76,0.534426,Q86UU1,ordered
ARG,1192,87.31,0.572199,Q86UU1,ordered
ARG,1193,85.33,0.662241,Q86UU1,intermediate
LEU,1194,85.75,0.578333,Q86UU1,intermediate
GLN,1195,83.13,0.52963,Q86UU1,intermediate
SER,1196,86.73,0.619672,Q86UU1,intermediate
GLU,1197,80.07,0.419126,Q86UU1,intermediate
SER,1198,83.98,0.444262,Q86UU1,intermediate
ALA,1199,89.17,0.445133,Q86UU1,intermediate
ARG,1200,87.47,0.581328,Q86UU1,intermediate
ARG,1201,83.68,0.575519,Q86UU1,intermediate
GLN,1202,85.05,0.715873,Q86UU1,intermediate
GLN,1203,87.02,0.550794,Q86UU1,intermediate
LEU,1204,83.62,0.556111,Q86UU1,intermediate
VAL,1205,80.37,0.56125,Q86UU1,intermediate
GLU,1206,83.81,0.580328,Q86UU1,intermediate
LYS,1207,83.14,0.572038,Q86UU1,intermediate
GLU,1208,75.79,0.442623,Q86UU1,intermediate
VAL,1209,75.56,0.526875,Q86UU1,intermediate
LYS,1210,79.59,0.53128,Q86UU1,intermediate
MET,1211,68.25,0.515196,Q86UU1,intermediate
ARG,1212,58.54,0.583817,Q86UU1,intermediate
GLU,1213,64.7,0.637158,Q86UU1,intermediate
LYS,1214,63.89,0.604265,Q86UU1,intermediate
GLN,1215,51.06,0.597354,Q86UU1,intermediate
PHE,1216,43.1,0.771101,Q86UU1,disordered
SER,1217,46.83,0.793443,Q86UU1,intermediate
GLN,1218,42.8,0.831217,Q86UU1,intermediate
ALA,1219,33.88,0.452212,Q86UU1,intermediate
ARG,1220,43.62,0.367635,Q86UU1,intermediate
PRO,1221,42.03,0.557343,Q86UU1,intermediate
LEU,1222,41.91,0.835,Q86UU1,intermediate
THR,1223,42.92,0.684932,Q86UU1,intermediate
ARG,1224,50.02,0.141079,Q86UU1,intermediate
TYR,1225,55.23,0.628384,Q86UU1,intermediate
LEU,1226,61.93,0.54,Q86UU1,intermediate
PRO,1227,70.89,0.170629,Q86UU1,ordered
ILE,1228,73.49,0.191209,Q86UU1,ordered
ARG,1229,73.99,0.497925,Q86UU1,ordered
LYS,1230,77.13,0.618009,Q86UU1,ordered
GLU,1231,73.87,0.914754,Q86UU1,ordered
ASP,1232,78.67,0.811258,Q86UU1,ordered
PHE,1233,84.39,0.11055,Q86UU1,ordered
ASP,1234,88.74,0.366225,Q86UU1,ordered
LEU,1235,91.6,0.0,Q86UU1,ordered
LYS,1236,91.35,0.253081,Q86UU1,ordered
THR,1237,88.89,0.527397,Q86UU1,ordered
HIS,1238,87.88,0.204124,Q86UU1,ordered
ILE,1239,89.93,0.0,Q86UU1,ordered
GLU,1240,90.01,0.380874,Q86UU1,ordered
SER,1241,83.02,0.809836,Q86UU1,ordered
SER,1242,78.08,0.127049,Q86UU1,ordered
GLY,1243,81.21,0.785882,Q86UU1,ordered
HIS,1244,85.64,0.078351,Q86UU1,ordered
GLY,1245,81.67,0.341176,Q86UU1,ordered
VAL,1246,80.77,0.08,Q86UU1,ordered
ASP,1247,80.99,0.831126,Q86UU1,ordered
THR,1248,80.72,0.680137,Q86UU1,ordered
CYS,1249,86.12,0.021429,Q86UU1,ordered
LEU,1250,87.92,0.921111,Q86UU1,ordered
HIS,1251,89.6,0.454639,Q86UU1,ordered
VAL,1252,93.28,0.078125,Q86UU1,ordered
VAL,1253,93.73,0.569375,Q86UU1,ordered
LEU,1254,93.29,0.115,Q86UU1,ordered
SER,1255,92.11,0.47541,Q86UU1,ordered
SER,1256,92.16,0.362295,Q86UU1,ordered
LYS,1257,91.44,0.216588,Q86UU1,ordered
VAL,1258,94.7,0.13625,Q86UU1,ordered
CYS,1259,95.87,0.0,Q86UU1,ordered
ARG,1260,96.22,0.324481,Q86UU1,ordered
GLY,1261,96.05,0.003529,Q86UU1,ordered
TYR,1262,96.32,0.31048,Q86UU1,ordered
LEU,1263,96.06,0.003889,Q86UU1,ordered
VAL,1264,94.19,0.258125,Q86UU1,ordered
LYS,1265,92.55,0.078673,Q86UU1,ordered
MET,1266,87.79,0.102451,Q86UU1,ordered
GLY,1267,80.35,0.228235,Q86UU1,ordered
GLY,1268,72.05,0.481176,Q86UU1,ordered
LYS,1269,69.86,1.021327,Q86UU1,intermediate
ILE,1270,64.24,0.687363,Q86UU1,intermediate
LYS,1271,73.45,0.372512,Q86UU1,ordered
SER,1272,77.72,0.254918,Q86UU1,ordered
TRP,1273,87.6,0.150579,Q86UU1,ordered
LYS,1274,91.31,0.501422,Q86UU1,ordered
LYS,1275,94.6,0.574882,Q86UU1,ordered
ARG,1276,96.03,0.198755,Q86UU1,ordered
TRP,1277,96.98,0.112741,Q86UU1,ordered
PHE,1278,97.67,0.000917,Q86UU1,ordered
VAL,1279,97.26,0.033125,Q86UU1,ordered
PHE,1280,96.76,0.000917,Q86UU1,ordered
ASP,1281,94.77,0.064901,Q86UU1,ordered
ARG,1282,91.27,0.138174,Q86UU1,ordered
LEU,1283,89.7,0.752222,Q86UU1,ordered
LYS,1284,92.28,0.682464,Q86UU1,ordered
ARG,1285,92.83,0.324896,Q86UU1,ordered
THR,1286,95.1,0.073973,Q86UU1,ordered
LEU,1287,96.37,0.0,Q86UU1,ordered
SER,1288,96.44,0.072951,Q86UU1,ordered
TYR,1289,96.3,0.10917,Q86UU1,ordered
TYR,1290,96.97,0.159825,Q86UU1,ordered
VAL,1291,93.29,0.384375,Q86UU1,ordered
ASP,1292,93.08,0.223841,Q86UU1,ordered
LYS,1293,93.29,0.562559,Q86UU1,ordered
HIS,1294,92.28,0.647423,Q86UU1,ordered
GLU,1295,91.93,0.328962,Q86UU1,ordered
THR,1296,87.32,0.697945,Q86UU1,ordered
LYS,1297,91.16,0.588626,Q86UU1,intermediate
LEU,1298,95.03,0.505,Q86UU1,intermediate
LYS,1299,94.11,0.460664,Q86UU1,intermediate
GLY,1300,93.31,0.231765,Q86UU1,intermediate
VAL,1301,94.53,0.346875,Q86UU1,intermediate
ILE,1302,94.22,0.026374,Q86UU1,intermediate
TYR,1303,93.63,0.581223,Q86UU1,intermediate
PHE,1304,92.28,0.025688,Q86UU1,intermediate
GLN,1305,88.77,0.504762,Q86UU1,intermediate
ALA,1306,90.36,0.241593,Q86UU1,intermediate
ILE,1307,90.7,0.0,Q86UU1,intermediate
GLU,1308,86.37,0.215301,Q86UU1,intermediate
GLU,1309,85.28,0.372678,Q86UU1,intermediate
VAL,1310,89.16,0.151875,Q86UU1,intermediate
TYR,1311,88.38,0.316594,Q86UU1,intermediate
TYR,1312,84.66,0.308734,Q86UU1,intermediate
ASP,1313,75.21,0.092715,Q86UU1,intermediate
HIS,1314,57.72,0.771649,Q86UU1,intermediate
LEU,1315,49.8,0.844444,Q86UU1,disordered
ARG,1316,56.16,0.724481,Q86UU1,intermediate
SER,1317,49.42,0.395902,Q86UU1,disordered
ALA,1318,45.87,0.073451,Q86UU1,disordered
ALA,1319,42.03,0.295575,Q86UU1,disordered
LYS,1320,46.35,0.767299,Q86UU1,disordered
LYS,1321,40.65,0.818009,Q86UU1,intermediate
ARG,1322,36.98,0.326971,Q86UU1,intermediate
PHE,1323,37.36,0.834404,Q86UU1,intermediate
PHE,1324,36.96,0.890367,Q86UU1,intermediate
ARG,1325,33.62,0.89751,Q86UU1,intermediate
PHE,1326,37.42,0.920183,Q86UU1,intermediate
THR,1327,37.66,0.536986,Q86UU1,intermediate
MET,1328,40.03,0.792647,Q86UU1,intermediate
VAL,1329,51.12,0.28625,Q86UU1,intermediate
THR,1330,58.02,0.511644,Q86UU1,intermediate
GLU,1331,64.97,0.491803,Q86UU1,intermediate
SER,1332,76.32,0.092623,Q86UU1,ordered
PRO,1333,82.3,0.625874,Q86UU1,ordered
ASN,1334,82.61,0.348101,Q86UU1,ordered
PRO,1335,82.08,0.417483,Q86UU1,ordered
ALA,1336,81.88,0.546903,Q86UU1,ordered
LEU,1337,89.77,0.130556,Q86UU1,ordered
THR,1338,90.2,0.004795,Q86UU1,ordered
PHE,1339,91.99,0.0,Q86UU1,ordered
CYS,1340,90.66,0.012143,Q86UU1,ordered
VAL,1341,92.39,0.0,Q86UU1,ordered
LYS,1342,89.21,0.333649,Q86UU1,ordered
THR,1343,89.72,0.049315,Q86UU1,ordered
HIS,1344,80.29,0.633505,Q86UU1,ordered
ASP,1345,82.54,0.780795,Q86UU1,ordered
ARG,1346,87.57,0.293361,Q86UU1,ordered
LEU,1347,88.37,0.317778,Q86UU1,ordered
TYR,1348,91.45,0.09869,Q86UU1,ordered
TYR,1349,90.51,0.175983,Q86UU1,ordered
MET,1350,93.45,0.0,Q86UU1,ordered
VAL,1351,93.38,0.045625,Q86UU1,ordered
ALA,1352,94.12,0.053097,Q86UU1,ordered
PRO,1353,93.11,0.448951,Q86UU1,ordered
SER,1354,91.97,0.213934,Q86UU1,ordered
ALA,1355,89.63,0.488496,Q86UU1,ordered
GLU,1356,90.9,0.290164,Q86UU1,ordered
ALA,1357,93.89,0.00177,Q86UU1,ordered
MET,1358,92.63,0.036275,Q86UU1,ordered
ARG,1359,91.32,0.489212,Q86UU1,ordered
ILE,1360,92.89,0.005495,Q86UU1,ordered
TRP,1361,95.04,0.001931,Q86UU1,ordered
MET,1362,92.58,0.170588,Q86UU1,ordered
ASP,1363,90.22,0.125166,Q86UU1,ordered
VAL,1364,93.22,0.0,Q86UU1,ordered
ILE,1365,93.6,0.0,Q86UU1,ordered
VAL,1366,89.51,0.09875,Q86UU1,ordered
THR,1367,89.06,0.032192,Q86UU1,ordered
GLY,1368,86.31,0.002353,Q86UU1,ordered
ALA,1369,84.27,0.092035,Q86UU1,ordered
GLU,1370,81.37,0.081967,Q86UU1,ordered
GLY,1371,66.02,0.111765,Q86UU1,intermediate
TYR,1372,62.24,0.475546,Q86UU1,intermediate
THR,1373,54.56,0.599315,Q86UU1,intermediate
GLN,1374,49.38,0.871429,Q86UU1,intermediate
PHE,1375,48.08,0.804587,Q86UU1,intermediate
MET,1376,48.44,0.385784,Q86UU1,intermediate
ASN,1377,40.83,1.363291,Q86UU1,intermediate
