aa,pos,plddt,rsa,uniprot_id,location
MET,1,46.3,1.182843,Q8N302,disordered
ALA,2,43.9,0.934513,Q8N302,disordered
SER,3,47.12,0.957377,Q8N302,intermediate
GLU,4,53.64,1.021858,Q8N302,intermediate
ALA,5,55.55,0.815929,Q8N302,intermediate
PRO,6,57.69,0.881119,Q8N302,intermediate
SER,7,59.05,0.867213,Q8N302,intermediate
PRO,8,58.25,0.80979,Q8N302,intermediate
PRO,9,54.4,0.856643,Q8N302,intermediate
ARG,10,55.36,0.975934,Q8N302,intermediate
SER,11,57.23,0.811475,Q8N302,intermediate
PRO,12,59.37,0.786713,Q8N302,intermediate
PRO,13,58.53,0.801399,Q8N302,intermediate
PRO,14,58.41,0.763636,Q8N302,intermediate
PRO,15,57.61,0.872028,Q8N302,intermediate
THR,16,58.63,0.904795,Q8N302,intermediate
SER,17,56.28,0.621311,Q8N302,intermediate
PRO,18,63.24,0.617483,Q8N302,intermediate
GLU,19,66.54,0.733333,Q8N302,intermediate
PRO,20,76.83,0.644755,Q8N302,ordered
GLU,21,79.53,0.718033,Q8N302,ordered
LEU,22,84.42,0.505,Q8N302,ordered
ALA,23,86.75,0.429204,Q8N302,ordered
GLN,24,89.0,0.586772,Q8N302,ordered
LEU,25,90.38,0.571667,Q8N302,ordered
ARG,26,92.37,0.714938,Q8N302,ordered
ARG,27,92.19,0.76639,Q8N302,ordered
LYS,28,93.71,0.550237,Q8N302,ordered
VAL,29,95.49,0.48125,Q8N302,ordered
GLU,30,95.11,0.48306,Q8N302,ordered
LYS,31,95.1,0.479147,Q8N302,ordered
LEU,32,95.53,0.620556,Q8N302,ordered
GLU,33,95.83,0.430601,Q8N302,ordered
ARG,34,95.25,0.491701,Q8N302,ordered
GLU,35,95.94,0.463388,Q8N302,ordered
LEU,36,95.76,0.55,Q8N302,ordered
ARG,37,95.77,0.511203,Q8N302,ordered
SER,38,94.83,0.353279,Q8N302,ordered
CYS,39,94.6,0.482857,Q8N302,ordered
LYS,40,95.54,0.565877,Q8N302,ordered
ARG,41,95.28,0.63361,Q8N302,ordered
GLN,42,94.49,0.543915,Q8N302,ordered
VAL,43,94.74,0.425625,Q8N302,ordered
ARG,44,94.44,0.609544,Q8N302,ordered
GLU,45,93.08,0.697268,Q8N302,ordered
ILE,46,92.6,0.604396,Q8N302,ordered
GLU,47,93.37,0.578689,Q8N302,ordered
LYS,48,93.98,0.71327,Q8N302,ordered
LEU,49,94.41,0.488333,Q8N302,ordered
LEU,50,92.85,0.523889,Q8N302,ordered
HIS,51,93.62,0.564948,Q8N302,ordered
HIS,52,92.64,0.531443,Q8N302,ordered
THR,53,93.63,0.391781,Q8N302,ordered
GLU,54,94.3,0.504918,Q8N302,ordered
ARG,55,93.74,0.673029,Q8N302,ordered
LEU,56,91.43,0.536111,Q8N302,ordered
TYR,57,91.44,0.757205,Q8N302,ordered
GLN,58,92.32,0.662963,Q8N302,ordered
ASN,59,91.37,0.670886,Q8N302,ordered
ALA,60,91.61,0.417699,Q8N302,ordered
GLU,61,92.43,0.579781,Q8N302,ordered
SER,62,92.74,0.559016,Q8N302,ordered
ASN,63,90.82,0.529747,Q8N302,ordered
ASN,64,93.23,0.518354,Q8N302,ordered
GLN,65,92.45,0.544974,Q8N302,ordered
GLU,66,94.51,0.575956,Q8N302,ordered
LEU,67,92.74,0.484444,Q8N302,ordered
ARG,68,92.71,0.741494,Q8N302,ordered
THR,69,93.41,0.608219,Q8N302,ordered
GLN,70,93.31,0.450794,Q8N302,intermediate
VAL,71,92.93,0.61875,Q8N302,intermediate
GLU,72,92.27,0.473224,Q8N302,intermediate
GLU,73,93.05,0.628415,Q8N302,intermediate
LEU,74,90.98,0.574444,Q8N302,intermediate
SER,75,90.28,0.359016,Q8N302,intermediate
LYS,76,90.65,0.506635,Q8N302,intermediate
ILE,77,89.23,0.535714,Q8N302,intermediate
LEU,78,85.47,0.728333,Q8N302,intermediate
GLN,79,82.38,0.612169,Q8N302,intermediate
ARG,80,79.95,0.757261,Q8N302,intermediate
GLY,81,75.53,0.362353,Q8N302,intermediate
ARG,82,73.02,0.721577,Q8N302,intermediate
ASN,83,69.06,0.622152,Q8N302,intermediate
GLU,84,65.73,0.670492,Q8N302,intermediate
ASP,85,60.1,0.65298,Q8N302,intermediate
ASN,86,58.61,0.583544,Q8N302,intermediate
LYS,87,59.55,0.806635,Q8N302,intermediate
LYS,88,59.89,0.677725,Q8N302,intermediate
SER,89,54.28,0.616393,Q8N302,intermediate
ASP,90,53.13,0.950331,Q8N302,intermediate
VAL,91,58.69,0.76375,Q8N302,intermediate
GLU,92,54.19,0.823497,Q8N302,intermediate
VAL,93,51.94,0.7625,Q8N302,intermediate
GLN,94,40.8,0.997354,Q8N302,disordered
THR,95,54.13,0.830137,Q8N302,intermediate
GLU,96,49.72,1.004918,Q8N302,disordered
ASN,97,43.44,0.991139,Q8N302,disordered
HIS,98,47.18,0.839175,Q8N302,disordered
ALA,99,49.78,0.653982,Q8N302,disordered
PRO,100,54.73,0.9,Q8N302,intermediate
TRP,101,49.07,0.858687,Q8N302,disordered
SER,102,47.8,0.630328,Q8N302,disordered
ILE,103,55.94,0.786813,Q8N302,intermediate
SER,104,55.1,0.553279,Q8N302,intermediate
ASP,105,50.41,0.627815,Q8N302,intermediate
TYR,106,49.45,0.831004,Q8N302,disordered
PHE,107,52.06,0.72844,Q8N302,intermediate
TYR,108,53.6,0.761572,Q8N302,intermediate
GLN,109,49.69,0.71164,Q8N302,disordered
THR,110,52.36,0.723288,Q8N302,intermediate
TYR,111,50.22,0.861135,Q8N302,intermediate
TYR,112,55.4,0.791703,Q8N302,intermediate
ASN,113,45.17,0.712658,Q8N302,disordered
ASP,114,44.32,0.990066,Q8N302,disordered
VAL,115,38.15,0.790625,Q8N302,disordered
SER,116,38.12,0.82541,Q8N302,disordered
LEU,117,33.87,0.966111,Q8N302,disordered
PRO,118,31.36,0.701399,Q8N302,disordered
ASN,119,35.77,0.894304,Q8N302,disordered
LYS,120,36.7,0.881043,Q8N302,disordered
VAL,121,27.79,0.79875,Q8N302,disordered
THR,122,32.63,0.909589,Q8N302,disordered
GLU,123,28.87,0.878142,Q8N302,disordered
LEU,124,32.88,1.018333,Q8N302,disordered
SER,125,31.28,0.715574,Q8N302,disordered
ASP,126,30.98,0.862252,Q8N302,disordered
GLN,127,34.11,0.902646,Q8N302,disordered
GLN,128,32.55,0.780952,Q8N302,disordered
ASP,129,33.22,0.675497,Q8N302,disordered
GLN,130,34.07,0.842328,Q8N302,disordered
ALA,131,30.52,0.858407,Q8N302,disordered
ILE,132,33.51,0.911538,Q8N302,disordered
GLU,133,28.94,0.961749,Q8N302,disordered
THR,134,31.09,0.880137,Q8N302,disordered
SER,135,28.59,0.796721,Q8N302,disordered
ILE,136,32.27,0.836264,Q8N302,disordered
LEU,137,33.16,0.864444,Q8N302,disordered
ASN,138,26.26,0.928481,Q8N302,disordered
SER,139,34.16,0.979508,Q8N302,disordered
LYS,140,31.62,0.765877,Q8N302,disordered
ASP,141,34.39,1.038411,Q8N302,disordered
HIS,142,29.77,0.614948,Q8N302,disordered
LEU,143,32.78,1.003889,Q8N302,disordered
GLN,144,27.79,0.820106,Q8N302,disordered
VAL,145,31.39,0.860625,Q8N302,disordered
GLU,146,29.93,0.905464,Q8N302,disordered
ASN,147,27.35,0.941772,Q8N302,disordered
ASP,148,33.39,1.064901,Q8N302,disordered
ALA,149,32.8,0.745133,Q8N302,disordered
TYR,150,29.12,0.949782,Q8N302,disordered
PRO,151,35.19,0.831469,Q8N302,disordered
GLY,152,28.1,0.818824,Q8N302,disordered
THR,153,36.09,0.944521,Q8N302,disordered
ASP,154,29.18,0.923841,Q8N302,disordered
ARG,155,38.68,0.856846,Q8N302,disordered
THR,156,29.66,0.679452,Q8N302,disordered
GLU,157,36.79,0.778689,Q8N302,disordered
ASN,158,29.19,0.851899,Q8N302,disordered
VAL,159,33.47,0.866875,Q8N302,disordered
LYS,160,31.89,0.85782,Q8N302,disordered
TYR,161,24.14,0.974236,Q8N302,disordered
ARG,162,32.4,0.902075,Q8N302,disordered
GLN,163,30.4,0.742857,Q8N302,disordered
VAL,164,33.24,0.8675,Q8N302,disordered
ASP,165,30.14,0.608609,Q8N302,disordered
HIS,166,35.5,0.803608,Q8N302,disordered
PHE,167,29.3,0.864679,Q8N302,disordered
ALA,168,30.53,0.734513,Q8N302,disordered
SER,169,31.72,0.887705,Q8N302,disordered
ASN,170,28.31,0.911392,Q8N302,disordered
SER,171,33.65,0.745082,Q8N302,disordered
GLN,172,32.4,0.919048,Q8N302,disordered
GLU,173,31.79,0.815847,Q8N302,disordered
PRO,174,34.37,0.806993,Q8N302,disordered
ALA,175,30.17,0.747788,Q8N302,disordered
SER,176,30.7,0.87623,Q8N302,disordered
ALA,177,30.89,0.824779,Q8N302,disordered
LEU,178,35.97,0.963889,Q8N302,disordered
ALA,179,33.14,0.704425,Q8N302,disordered
THR,180,37.16,0.789041,Q8N302,intermediate
GLU,181,41.79,0.977049,Q8N302,intermediate
ASP,182,35.95,0.98543,Q8N302,intermediate
THR,183,39.87,0.902055,Q8N302,intermediate
SER,184,37.59,0.82541,Q8N302,intermediate
LEU,185,48.04,0.948889,Q8N302,intermediate
GLU,186,42.98,1.00765,Q8N302,intermediate
GLY,187,51.0,0.991765,Q8N302,intermediate
SER,188,53.19,0.706557,Q8N302,intermediate
SER,189,82.19,0.562295,Q8N302,ordered
LEU,190,84.87,0.73,Q8N302,ordered
ALA,191,83.29,0.524779,Q8N302,ordered
GLU,192,85.83,0.466667,Q8N302,ordered
SER,193,85.8,0.527049,Q8N302,ordered
LEU,194,85.04,0.616111,Q8N302,ordered
ARG,195,85.46,0.463485,Q8N302,ordered
ALA,196,86.01,0.488496,Q8N302,ordered
ALA,197,86.23,0.539823,Q8N302,ordered
ALA,198,81.64,0.462832,Q8N302,ordered
GLU,199,80.59,0.569945,Q8N302,ordered
ALA,200,82.88,0.469027,Q8N302,ordered
ALA,201,82.2,0.466372,Q8N302,ordered
VAL,202,73.44,0.275,Q8N302,ordered
SER,203,72.63,0.757377,Q8N302,ordered
GLN,204,77.0,0.830688,Q8N302,ordered
THR,205,76.86,0.591781,Q8N302,ordered
GLY,206,82.01,0.404706,Q8N302,ordered
PHE,207,87.21,0.230275,Q8N302,ordered
SER,208,89.42,0.301639,Q8N302,ordered
TYR,209,89.89,0.554148,Q8N302,ordered
ASP,210,89.17,0.229139,Q8N302,ordered
GLU,211,88.3,0.910929,Q8N302,ordered
ASN,212,86.61,0.937342,Q8N302,ordered
THR,213,88.01,0.50274,Q8N302,ordered
GLY,214,89.55,0.407059,Q8N302,ordered
LEU,215,91.81,0.170556,Q8N302,ordered
TYR,216,93.09,0.280349,Q8N302,ordered
PHE,217,93.78,0.258257,Q8N302,ordered
ASP,218,91.24,0.066887,Q8N302,ordered
HIS,219,88.41,0.703608,Q8N302,ordered
SER,220,87.25,0.851639,Q8N302,ordered
THR,221,88.43,0.494521,Q8N302,ordered
GLY,222,90.59,0.32,Q8N302,ordered
PHE,223,92.31,0.199541,Q8N302,ordered
TYR,224,94.61,0.21179,Q8N302,ordered
TYR,225,94.03,0.233624,Q8N302,ordered
ASP,226,91.7,0.146358,Q8N302,ordered
SER,227,89.5,0.535246,Q8N302,ordered
GLU,228,89.81,0.903279,Q8N302,ordered
ASN,229,90.54,0.627215,Q8N302,ordered
GLN,230,91.45,0.659259,Q8N302,ordered
LEU,231,94.09,0.089444,Q8N302,ordered
TYR,232,93.88,0.171179,Q8N302,ordered
TYR,233,94.8,0.175983,Q8N302,ordered
ASP,234,93.75,0.092715,Q8N302,ordered
PRO,235,90.91,0.38951,Q8N302,ordered
SER,236,89.43,0.783607,Q8N302,ordered
THR,237,90.26,0.30137,Q8N302,ordered
GLY,238,90.8,0.0,Q8N302,ordered
ILE,239,93.83,0.127473,Q8N302,ordered
TYR,240,95.82,0.246288,Q8N302,intermediate
TYR,241,95.02,0.204803,Q8N302,intermediate
TYR,242,93.23,0.40262,Q8N302,intermediate
CYS,243,89.19,0.387857,Q8N302,intermediate
ASP,244,86.71,0.2,Q8N302,intermediate
VAL,245,85.25,0.835625,Q8N302,intermediate
GLU,246,81.49,0.893989,Q8N302,intermediate
SER,247,82.5,0.486066,Q8N302,intermediate
GLY,248,84.38,0.758824,Q8N302,intermediate
ARG,249,86.95,0.661411,Q8N302,intermediate
TYR,250,88.92,0.474672,Q8N302,intermediate
GLN,251,89.95,0.381481,Q8N302,intermediate
PHE,252,93.77,0.570183,Q8N302,intermediate
HIS,253,92.1,0.524742,Q8N302,intermediate
SER,254,93.84,0.319672,Q8N302,intermediate
ARG,255,91.47,0.621577,Q8N302,intermediate
VAL,256,87.03,0.459375,Q8N302,intermediate
ASP,257,78.43,0.849669,Q8N302,intermediate
LEU,258,74.63,0.472778,Q8N302,intermediate
GLN,259,58.38,0.757672,Q8N302,intermediate
PRO,260,47.98,0.829371,Q8N302,disordered
TYR,261,36.41,0.869869,Q8N302,disordered
PRO,262,34.49,0.83986,Q8N302,disordered
THR,263,34.97,0.819178,Q8N302,disordered
SER,264,30.09,0.912295,Q8N302,disordered
SER,265,35.45,0.763115,Q8N302,disordered
THR,266,31.97,0.855479,Q8N302,disordered
LYS,267,35.24,0.937915,Q8N302,disordered
GLN,268,37.97,0.884656,Q8N302,disordered
SER,269,34.89,0.885246,Q8N302,disordered
LYS,270,39.48,0.86872,Q8N302,disordered
ASP,271,38.23,0.925166,Q8N302,disordered
LYS,272,45.75,0.920853,Q8N302,disordered
LYS,273,37.22,0.865403,Q8N302,disordered
LEU,274,39.51,0.976667,Q8N302,disordered
LYS,275,40.4,0.867299,Q8N302,disordered
LYS,276,41.49,0.981043,Q8N302,disordered
LYS,277,35.79,0.746919,Q8N302,disordered
ARG,278,39.93,0.89917,Q8N302,disordered
LYS,279,39.3,0.847867,Q8N302,disordered
ASP,280,40.15,0.903974,Q8N302,disordered
PRO,281,51.1,0.837762,Q8N302,intermediate
ASP,282,38.46,1.018543,Q8N302,disordered
SER,283,37.26,0.816393,Q8N302,disordered
SER,284,37.41,0.920492,Q8N302,disordered
ALA,285,37.68,0.715044,Q8N302,disordered
THR,286,37.53,0.845205,Q8N302,disordered
ASN,287,39.36,0.766456,Q8N302,disordered
GLU,288,39.01,0.855738,Q8N302,disordered
GLU,289,44.53,0.780328,Q8N302,disordered
LYS,290,40.64,0.687678,Q8N302,disordered
ASP,291,38.79,0.898675,Q8N302,disordered
LEU,292,42.43,0.884444,Q8N302,disordered
ASN,293,34.68,0.90443,Q8N302,disordered
SER,294,39.28,0.796721,Q8N302,disordered
GLU,295,38.52,0.961749,Q8N302,disordered
ASP,296,40.4,0.962914,Q8N302,disordered
GLN,297,37.29,0.890476,Q8N302,disordered
LYS,298,37.09,0.970142,Q8N302,disordered
ALA,299,32.57,0.750442,Q8N302,disordered
PHE,300,34.68,0.975229,Q8N302,disordered
SER,301,32.28,0.857377,Q8N302,disordered
VAL,302,37.07,0.79625,Q8N302,disordered
GLU,303,35.81,0.936066,Q8N302,disordered
HIS,304,29.51,0.914433,Q8N302,disordered
THR,305,34.09,0.916438,Q8N302,disordered
SER,306,30.76,0.717213,Q8N302,disordered
CYS,307,29.18,0.967857,Q8N302,disordered
ASN,308,29.91,0.922152,Q8N302,disordered
GLU,309,42.28,1.043716,Q8N302,disordered
GLU,310,34.19,0.813115,Q8N302,disordered
GLU,311,40.48,1.010929,Q8N302,disordered
ASN,312,36.53,0.726582,Q8N302,disordered
PHE,313,39.71,0.992202,Q8N302,disordered
ALA,314,38.97,0.730973,Q8N302,disordered
ASN,315,38.92,0.867722,Q8N302,disordered
MET,316,42.72,0.69902,Q8N302,disordered
LYS,317,40.82,0.717536,Q8N302,disordered
LYS,318,41.51,0.796682,Q8N302,disordered
LYS,319,41.2,0.935545,Q8N302,disordered
ALA,320,38.97,0.761947,Q8N302,disordered
LYS,321,43.57,0.918009,Q8N302,disordered
ILE,322,40.55,0.887363,Q8N302,disordered
GLY,323,34.71,0.832941,Q8N302,disordered
ILE,324,39.41,0.864286,Q8N302,disordered
HIS,325,42.1,0.827835,Q8N302,disordered
HIS,326,39.02,0.803093,Q8N302,disordered
LYS,327,40.14,0.798104,Q8N302,disordered
ASN,328,38.6,0.886709,Q8N302,disordered
SER,329,37.57,0.935246,Q8N302,disordered
PRO,330,44.44,0.817483,Q8N302,disordered
PRO,331,41.29,0.753147,Q8N302,disordered
LYS,332,38.08,0.887204,Q8N302,disordered
VAL,333,38.07,0.771875,Q8N302,disordered
THR,334,35.18,0.885616,Q8N302,disordered
VAL,335,36.36,0.749375,Q8N302,disordered
PRO,336,41.28,0.825175,Q8N302,disordered
THR,337,38.57,0.812329,Q8N302,disordered
SER,338,44.08,0.956557,Q8N302,disordered
GLY,339,42.5,0.717647,Q8N302,disordered
ASN,340,42.72,0.967089,Q8N302,disordered
THR,341,40.8,0.808904,Q8N302,disordered
ILE,342,45.88,0.76978,Q8N302,disordered
GLU,343,39.13,0.839891,Q8N302,disordered
SER,344,40.78,0.836885,Q8N302,disordered
PRO,345,44.43,0.790909,Q8N302,disordered
LEU,346,37.62,0.903889,Q8N302,disordered
HIS,347,38.3,0.704639,Q8N302,disordered
GLU,348,38.05,0.746448,Q8N302,disordered
ASN,349,38.71,0.696835,Q8N302,disordered
ILE,350,40.84,0.834615,Q8N302,disordered
SER,351,37.66,0.744262,Q8N302,disordered
ASN,352,36.4,0.959494,Q8N302,disordered
SER,353,40.09,0.77541,Q8N302,disordered
THR,354,36.55,0.80411,Q8N302,disordered
SER,355,36.18,0.645082,Q8N302,disordered
PHE,356,39.74,0.901835,Q8N302,disordered
LYS,357,39.14,0.726066,Q8N302,disordered
ASP,358,37.86,0.792715,Q8N302,disordered
GLU,359,43.92,1.001639,Q8N302,disordered
LYS,360,39.61,0.867299,Q8N302,disordered
ILE,361,41.49,0.931319,Q8N302,disordered
MET,362,38.72,0.679412,Q8N302,disordered
GLU,363,41.3,0.82459,Q8N302,disordered
THR,364,37.56,0.791096,Q8N302,disordered
ASP,365,39.08,0.933113,Q8N302,disordered
SER,366,43.8,0.966393,Q8N302,disordered
GLU,367,44.81,0.955738,Q8N302,disordered
PRO,368,60.14,0.860839,Q8N302,intermediate
GLU,369,52.48,0.989617,Q8N302,intermediate
GLU,370,54.54,1.04153,Q8N302,intermediate
GLY,371,52.94,0.871765,Q8N302,intermediate
GLU,372,53.12,0.933333,Q8N302,intermediate
ILE,373,51.91,0.89011,Q8N302,intermediate
THR,374,50.98,0.845205,Q8N302,intermediate
ASP,375,43.87,1.011921,Q8N302,disordered
SER,376,49.87,0.838525,Q8N302,disordered
GLN,377,43.54,0.862434,Q8N302,disordered
THR,378,50.53,0.888356,Q8N302,intermediate
GLU,379,47.68,0.834973,Q8N302,disordered
ASP,380,44.03,0.878146,Q8N302,disordered
SER,381,44.95,0.743443,Q8N302,disordered
TYR,382,55.4,0.965502,Q8N302,intermediate
ASP,383,40.48,0.945695,Q8N302,disordered
GLU,384,43.94,0.871038,Q8N302,disordered
ALA,385,40.82,0.684071,Q8N302,disordered
ILE,386,43.4,0.788462,Q8N302,disordered
THR,387,40.0,0.776712,Q8N302,disordered
SER,388,41.95,0.736885,Q8N302,disordered
GLU,389,43.64,1.036612,Q8N302,disordered
GLY,390,41.59,0.905882,Q8N302,disordered
ASN,391,38.05,0.876582,Q8N302,disordered
VAL,392,41.96,0.66875,Q8N302,disordered
THR,393,34.85,0.814384,Q8N302,intermediate
ALA,394,41.22,0.939823,Q8N302,intermediate
GLU,395,40.11,0.898361,Q8N302,intermediate
ASP,396,43.28,0.939735,Q8N302,intermediate
SER,397,44.84,0.865574,Q8N302,intermediate
GLU,398,44.61,0.906011,Q8N302,intermediate
ASP,399,45.76,0.915232,Q8N302,intermediate
GLU,400,45.98,0.886339,Q8N302,intermediate
ASP,401,46.52,0.846358,Q8N302,intermediate
GLU,402,47.59,0.796721,Q8N302,intermediate
ASP,403,49.44,0.928477,Q8N302,intermediate
LYS,404,54.55,0.731754,Q8N302,intermediate
ILE,405,62.06,0.851099,Q8N302,intermediate
TRP,406,67.25,0.543629,Q8N302,intermediate
PRO,407,72.01,0.23986,Q8N302,ordered
PRO,408,79.65,0.228671,Q8N302,ordered
CYS,409,88.37,0.213571,Q8N302,ordered
ILE,410,93.1,0.0,Q8N302,ordered
ARG,411,94.01,0.156846,Q8N302,ordered
VAL,412,95.46,0.0,Q8N302,ordered
ILE,413,95.62,0.023077,Q8N302,ordered
VAL,414,95.39,0.004375,Q8N302,ordered
ILE,415,92.62,0.301648,Q8N302,ordered
ARG,416,93.2,0.671784,Q8N302,ordered
SER,417,93.42,0.182787,Q8N302,ordered
PRO,418,92.41,0.571329,Q8N302,ordered
VAL,419,91.77,0.4075,Q8N302,ordered
LEU,420,92.36,0.152222,Q8N302,ordered
GLN,421,91.38,0.649735,Q8N302,ordered
ILE,422,93.16,0.308791,Q8N302,ordered
GLY,423,91.33,0.0,Q8N302,ordered
SER,424,93.39,0.139344,Q8N302,ordered
LEU,425,93.61,0.286111,Q8N302,ordered
PHE,426,93.69,0.243119,Q8N302,ordered
ILE,427,92.93,0.508242,Q8N302,ordered
ILE,428,92.97,0.032967,Q8N302,ordered
THR,429,90.88,0.308904,Q8N302,ordered
ALA,430,88.1,0.136283,Q8N302,ordered
VAL,431,86.58,0.61875,Q8N302,ordered
ASN,432,88.1,0.651899,Q8N302,ordered
PRO,433,92.28,0.51958,Q8N302,ordered
ALA,434,94.18,0.026549,Q8N302,ordered
THR,435,95.06,0.156849,Q8N302,ordered
ILE,436,95.16,0.007692,Q8N302,ordered
GLY,437,94.82,0.0,Q8N302,ordered
ARG,438,94.12,0.373029,Q8N302,ordered
GLU,439,93.05,0.235519,Q8N302,ordered
LYS,440,88.3,0.67109,Q8N302,ordered
ASP,441,89.09,0.882119,Q8N302,ordered
MET,442,86.26,0.459314,Q8N302,ordered
GLU,443,86.83,0.913661,Q8N302,ordered
HIS,444,91.45,0.095361,Q8N302,ordered
THR,445,91.88,0.432192,Q8N302,ordered
LEU,446,93.4,0.022222,Q8N302,ordered
ARG,447,94.35,0.411618,Q8N302,ordered
ILE,448,94.77,0.0,Q8N302,ordered
PRO,449,92.98,0.455944,Q8N302,ordered
GLU,450,92.29,0.053005,Q8N302,ordered
VAL,451,91.0,0.859375,Q8N302,ordered
GLY,452,90.6,0.205882,Q8N302,ordered
VAL,453,93.75,0.010625,Q8N302,ordered
SER,454,93.64,0.172951,Q8N302,ordered
LYS,455,93.42,0.581517,Q8N302,ordered
PHE,456,93.36,0.28945,Q8N302,ordered
HIS,457,93.25,0.001031,Q8N302,ordered
ALA,458,93.92,0.0,Q8N302,ordered
GLU,459,94.52,0.255738,Q8N302,ordered
ILE,460,95.39,0.003846,Q8N302,ordered
TYR,461,94.24,0.323581,Q8N302,ordered
PHE,462,93.66,0.072936,Q8N302,ordered
ASP,463,92.16,0.219868,Q8N302,ordered
HIS,464,88.03,0.654639,Q8N302,ordered
ASP,465,88.73,1.0,Q8N302,ordered
LEU,466,87.31,0.584444,Q8N302,ordered
GLN,467,87.48,0.64709,Q8N302,ordered
SER,468,90.85,0.186885,Q8N302,ordered
TYR,469,93.85,0.010044,Q8N302,ordered
VAL,470,94.08,0.01625,Q8N302,ordered
LEU,471,94.53,0.002222,Q8N302,ordered
VAL,472,93.6,0.084375,Q8N302,ordered
ASP,473,93.84,0.0,Q8N302,ordered
GLN,474,92.0,0.165079,Q8N302,ordered
GLY,475,86.39,0.302353,Q8N302,ordered
SER,476,91.53,0.005738,Q8N302,ordered
GLN,477,88.15,0.833862,Q8N302,ordered
ASN,478,88.69,0.498734,Q8N302,ordered
GLY,479,89.88,0.044706,Q8N302,ordered
THR,480,93.18,0.0,Q8N302,ordered
ILE,481,93.53,0.243407,Q8N302,ordered
VAL,482,93.07,0.01375,Q8N302,ordered
ASN,483,89.59,0.563924,Q8N302,ordered
GLY,484,85.48,0.863529,Q8N302,ordered
LYS,485,86.82,0.637441,Q8N302,ordered
GLN,486,84.81,0.540212,Q8N302,ordered
ILE,487,79.58,0.153846,Q8N302,ordered
LEU,488,67.78,0.106111,Q8N302,intermediate
GLN,489,59.39,0.601587,Q8N302,intermediate
PRO,490,64.22,0.676224,Q8N302,intermediate
LYS,491,67.56,0.878199,Q8N302,intermediate
THR,492,77.81,0.515068,Q8N302,ordered
LYS,493,83.63,0.583886,Q8N302,ordered
CYS,494,84.55,0.084286,Q8N302,ordered
ASP,495,85.85,0.776821,Q8N302,ordered
PRO,496,90.32,0.584615,Q8N302,ordered
TYR,497,92.26,0.236681,Q8N302,ordered
VAL,498,93.31,0.40375,Q8N302,ordered
LEU,499,93.76,0.04,Q8N302,ordered
GLU,500,92.1,0.688525,Q8N302,ordered
HIS,501,92.25,0.479897,Q8N302,ordered
GLY,502,92.22,0.396471,Q8N302,ordered
ASP,503,95.11,0.049669,Q8N302,ordered
GLU,504,95.42,0.511475,Q8N302,ordered
VAL,505,95.21,0.001875,Q8N302,ordered
LYS,506,94.86,0.374882,Q8N302,ordered
ILE,507,94.34,0.0,Q8N302,ordered
GLY,508,91.07,0.217647,Q8N302,ordered
GLU,509,91.7,0.666667,Q8N302,ordered
THR,510,94.8,0.0,Q8N302,ordered
VAL,511,95.58,0.1425,Q8N302,ordered
LEU,512,96.11,0.0,Q8N302,ordered
SER,513,95.65,0.084426,Q8N302,ordered
PHE,514,95.43,0.002752,Q8N302,ordered
HIS,515,93.98,0.096392,Q8N302,ordered
ILE,516,92.58,0.168132,Q8N302,ordered
HIS,517,88.71,0.081443,Q8N302,ordered
PRO,518,84.23,0.656643,Q8N302,ordered
GLY,519,79.2,0.738824,Q8N302,ordered
SER,520,80.36,0.888525,Q8N302,ordered
ASP,521,85.92,0.570861,Q8N302,ordered
THR,522,89.11,0.431507,Q8N302,ordered
CYS,523,89.82,0.276429,Q8N302,ordered
ASP,524,87.48,0.662252,Q8N302,ordered
GLY,525,87.84,0.390588,Q8N302,ordered
CYS,526,89.81,0.0,Q8N302,ordered
GLU,527,90.51,0.348634,Q8N302,ordered
PRO,528,89.0,0.253846,Q8N302,ordered
GLY,529,87.54,0.641176,Q8N302,ordered
GLN,530,87.01,0.340741,Q8N302,ordered
VAL,531,87.62,0.13625,Q8N302,ordered
ARG,532,88.84,0.358506,Q8N302,ordered
ALA,533,83.68,0.40531,Q8N302,ordered
HIS,534,84.14,0.580928,Q8N302,ordered
LEU,535,83.66,0.251667,Q8N302,ordered
ARG,536,83.0,0.723651,Q8N302,ordered
LEU,537,79.08,0.555556,Q8N302,ordered
ASP,538,74.84,0.569536,Q8N302,ordered
LYS,539,71.41,0.616114,Q8N302,ordered
LYS,540,60.34,0.595735,Q8N302,intermediate
ASP,541,55.87,0.640397,Q8N302,intermediate
GLU,542,55.97,0.855738,Q8N302,intermediate
SER,543,53.03,0.669672,Q8N302,intermediate
PHE,544,50.29,0.682569,Q8N302,intermediate
VAL,545,49.04,0.821875,Q8N302,intermediate
GLY,546,49.57,0.438824,Q8N302,intermediate
PRO,547,52.36,0.844056,Q8N302,intermediate
THR,548,52.01,0.936301,Q8N302,intermediate
LEU,549,61.16,0.493333,Q8N302,intermediate
SER,550,71.87,0.396721,Q8N302,ordered
LYS,551,79.96,0.885782,Q8N302,ordered
GLU,552,81.72,0.804372,Q8N302,ordered
GLU,553,82.46,0.46776,Q8N302,ordered
LYS,554,81.3,0.564455,Q8N302,ordered
GLU,555,82.99,0.266667,Q8N302,ordered
LEU,556,86.96,0.512222,Q8N302,ordered
GLU,557,85.7,0.377049,Q8N302,ordered
ARG,558,88.12,0.543983,Q8N302,ordered
ARG,559,87.29,0.639834,Q8N302,ordered
LYS,560,90.15,0.450237,Q8N302,ordered
GLU,561,88.92,0.544262,Q8N302,ordered
LEU,562,85.37,0.446667,Q8N302,ordered
LYS,563,88.11,0.575829,Q8N302,ordered
LYS,564,88.82,0.622749,Q8N302,ordered
ILE,565,86.15,0.478022,Q8N302,intermediate
ARG,566,85.85,0.500415,Q8N302,intermediate
VAL,567,86.05,0.5825,Q8N302,intermediate
LYS,568,88.46,0.755924,Q8N302,intermediate
TYR,569,86.07,0.655459,Q8N302,intermediate
GLY,570,74.47,0.592941,Q8N302,intermediate
LEU,571,72.77,0.484444,Q8N302,intermediate
GLN,572,62.67,0.52328,Q8N302,intermediate
ASN,573,59.48,0.941772,Q8N302,intermediate
THR,574,53.99,0.547945,Q8N302,intermediate
GLU,575,52.11,0.897268,Q8N302,intermediate
TYR,576,53.62,0.823581,Q8N302,intermediate
GLU,577,50.49,0.574863,Q8N302,intermediate
ASP,578,51.8,0.760927,Q8N302,intermediate
GLU,579,55.2,1.006011,Q8N302,intermediate
LYS,580,57.46,0.607109,Q8N302,intermediate
THR,581,54.07,0.605479,Q8N302,intermediate
LEU,582,54.65,0.812222,Q8N302,intermediate
LYS,583,56.11,0.853555,Q8N302,intermediate
ASN,584,59.43,0.551899,Q8N302,intermediate
PRO,585,74.65,0.9,Q8N302,intermediate
LYS,586,77.64,0.899526,Q8N302,intermediate
TYR,587,78.9,0.587773,Q8N302,intermediate
LYS,588,81.8,0.800474,Q8N302,intermediate
ASP,589,79.27,0.409272,Q8N302,intermediate
ARG,590,84.05,0.778008,Q8N302,intermediate
ALA,591,77.84,0.399115,Q8N302,intermediate
GLY,592,80.23,0.262353,Q8N302,intermediate
LYS,593,81.18,0.681517,Q8N302,intermediate
ARG,594,80.52,0.651867,Q8N302,intermediate
ARG,595,81.01,0.652697,Q8N302,intermediate
GLU,596,74.73,0.839344,Q8N302,intermediate
GLN,597,74.86,0.880423,Q8N302,intermediate
VAL,598,70.13,0.73,Q8N302,ordered
GLY,599,57.27,0.438824,Q8N302,intermediate
SER,600,63.48,0.836885,Q8N302,intermediate
GLU,601,60.52,0.925683,Q8N302,intermediate
GLY,602,56.49,0.597647,Q8N302,intermediate
THR,603,54.49,0.947945,Q8N302,intermediate
PHE,604,53.72,0.895872,Q8N302,intermediate
GLN,605,52.73,0.808466,Q8N302,intermediate
ARG,606,55.18,0.837344,Q8N302,intermediate
ASP,607,54.04,0.868212,Q8N302,intermediate
ASP,608,59.2,0.764238,Q8N302,intermediate
ALA,609,58.55,0.70708,Q8N302,intermediate
PRO,610,62.75,0.83986,Q8N302,intermediate
ALA,611,61.85,0.955752,Q8N302,intermediate
SER,612,67.32,0.417213,Q8N302,intermediate
VAL,613,65.33,0.38375,Q8N302,intermediate
HIS,614,66.97,0.701031,Q8N302,intermediate
SER,615,71.26,0.595902,Q8N302,ordered
GLU,616,75.81,0.627869,Q8N302,ordered
ILE,617,79.77,0.592308,Q8N302,ordered
THR,618,81.78,0.577397,Q8N302,ordered
ASP,619,84.45,0.658278,Q8N302,ordered
SER,620,86.42,0.69918,Q8N302,ordered
ASN,621,84.43,0.434177,Q8N302,ordered
LYS,622,88.01,0.833649,Q8N302,ordered
GLY,623,85.67,0.364706,Q8N302,ordered
ARG,624,85.67,0.116598,Q8N302,ordered
LYS,625,89.15,0.454502,Q8N302,ordered
MET,626,89.2,0.561765,Q8N302,ordered
LEU,627,88.13,0.381667,Q8N302,ordered
GLU,628,88.43,0.421311,Q8N302,ordered
LYS,629,89.92,0.850711,Q8N302,ordered
MET,630,85.25,0.793627,Q8N302,ordered
GLY,631,83.29,0.596471,Q8N302,ordered
TRP,632,85.77,0.22973,Q8N302,ordered
LYS,633,84.91,0.534123,Q8N302,ordered
LYS,634,83.87,0.631754,Q8N302,ordered
GLY,635,80.46,0.629412,Q8N302,ordered
GLU,636,82.18,0.399454,Q8N302,ordered
GLY,637,82.77,0.057647,Q8N302,ordered
LEU,638,81.57,0.607778,Q8N302,ordered
GLY,639,80.89,0.644706,Q8N302,ordered
LYS,640,79.04,0.963507,Q8N302,ordered
ASP,641,80.93,0.944371,Q8N302,intermediate
GLY,642,77.04,0.291765,Q8N302,intermediate
GLY,643,78.89,0.9,Q8N302,intermediate
GLY,644,78.65,0.231765,Q8N302,intermediate
MET,645,79.91,0.631373,Q8N302,intermediate
LYS,646,81.08,0.670142,Q8N302,intermediate
THR,647,76.21,0.620548,Q8N302,intermediate
PRO,648,74.9,0.577622,Q8N302,intermediate
ILE,649,74.96,0.701648,Q8N302,intermediate
GLN,650,72.27,0.853439,Q8N302,intermediate
LEU,651,68.75,0.611111,Q8N302,intermediate
GLN,652,69.7,0.706349,Q8N302,intermediate
LEU,653,67.95,0.506667,Q8N302,intermediate
ARG,654,66.15,0.451867,Q8N302,intermediate
ARG,655,68.71,0.869295,Q8N302,intermediate
THR,656,68.8,0.804795,Q8N302,intermediate
HIS,657,68.12,1.000515,Q8N302,intermediate
ALA,658,69.74,0.353097,Q8N302,intermediate
GLY,659,69.17,0.404706,Q8N302,intermediate
LEU,660,68.75,0.971111,Q8N302,intermediate
GLY,661,67.65,0.811765,Q8N302,intermediate
THR,662,60.97,0.622603,Q8N302,intermediate
GLY,663,64.39,0.7,Q8N302,intermediate
LYS,664,65.34,0.948341,Q8N302,intermediate
PRO,665,61.04,0.426573,Q8N302,intermediate
SER,666,60.43,0.440984,Q8N302,intermediate
SER,667,63.19,0.464754,Q8N302,intermediate
PHE,668,63.38,0.301376,Q8N302,intermediate
GLU,669,61.46,0.504372,Q8N302,intermediate
ASP,670,60.02,0.500662,Q8N302,intermediate
VAL,671,57.53,0.22,Q8N302,intermediate
HIS,672,59.09,0.689691,Q8N302,intermediate
LEU,673,58.59,0.660556,Q8N302,intermediate
LEU,674,58.13,0.617778,Q8N302,intermediate
GLN,675,62.41,0.640741,Q8N302,intermediate
ASN,676,71.4,0.489241,Q8N302,intermediate
LYS,677,76.56,0.653555,Q8N302,intermediate
ASN,678,75.93,0.621519,Q8N302,intermediate
LYS,679,80.16,0.601896,Q8N302,intermediate
LYS,680,81.65,0.612796,Q8N302,intermediate
ASN,681,81.66,0.674684,Q8N302,intermediate
TRP,682,78.86,0.715058,Q8N302,intermediate
ASP,683,83.46,0.331788,Q8N302,intermediate
LYS,684,85.9,0.563507,Q8N302,intermediate
ALA,685,81.53,0.433628,Q8N302,intermediate
ARG,686,82.67,0.575934,Q8N302,intermediate
GLU,687,82.29,0.615301,Q8N302,intermediate
ARG,688,80.68,0.640664,Q8N302,intermediate
PHE,689,80.7,0.601376,Q8N302,intermediate
THR,690,82.57,0.576027,Q8N302,intermediate
GLU,691,75.87,0.804372,Q8N302,intermediate
ASN,692,71.48,0.657595,Q8N302,intermediate
PHE,693,66.27,0.613761,Q8N302,intermediate
PRO,694,58.66,0.653147,Q8N302,intermediate
GLU,695,55.7,0.751366,Q8N302,intermediate
THR,696,45.54,0.929452,Q8N302,disordered
LYS,697,51.05,0.729384,Q8N302,intermediate
PRO,698,46.54,0.820979,Q8N302,disordered
GLN,699,43.17,0.984656,Q8N302,disordered
LYS,700,40.5,0.860664,Q8N302,disordered
ASP,701,44.62,0.933775,Q8N302,disordered
ASP,702,46.91,0.968212,Q8N302,disordered
PRO,703,47.13,0.726573,Q8N302,disordered
GLY,704,43.11,0.772941,Q8N302,disordered
THR,705,41.24,0.841096,Q8N302,disordered
MET,706,45.09,0.833333,Q8N302,disordered
PRO,707,47.71,0.71049,Q8N302,disordered
TRP,708,43.16,0.988031,Q8N302,disordered
VAL,709,50.46,0.788125,Q8N302,intermediate
LYS,710,44.79,0.874408,Q8N302,disordered
GLY,711,49.9,0.934118,Q8N302,disordered
THR,712,42.22,0.805479,Q8N302,disordered
LEU,713,48.9,0.947222,Q8N302,disordered
GLU,714,44.28,1.327322,Q8N302,disordered
