aa,pos,plddt,rsa,uniprot_id,location
MET,1,43.7,1.148039,Q9NZZ3,intermediate
ASN,2,42.92,0.712025,Q9NZZ3,intermediate
ARG,3,50.27,0.941494,Q9NZZ3,intermediate
LEU,4,49.66,0.788333,Q9NZZ3,intermediate
PHE,5,60.53,0.821101,Q9NZZ3,intermediate
GLY,6,59.72,0.869412,Q9NZZ3,intermediate
LYS,7,57.59,0.87346,Q9NZZ3,intermediate
ALA,8,60.63,0.845133,Q9NZZ3,intermediate
LYS,9,62.66,0.844076,Q9NZZ3,intermediate
PRO,10,58.17,0.852448,Q9NZZ3,intermediate
LYS,11,64.69,0.936493,Q9NZZ3,intermediate
ALA,12,69.3,0.722124,Q9NZZ3,intermediate
PRO,13,70.69,0.77972,Q9NZZ3,ordered
PRO,14,78.02,0.775524,Q9NZZ3,ordered
PRO,15,79.43,0.746853,Q9NZZ3,ordered
SER,16,88.87,0.368033,Q9NZZ3,ordered
LEU,17,89.38,0.296111,Q9NZZ3,ordered
THR,18,92.05,0.605479,Q9NZZ3,ordered
ASP,19,92.88,0.625166,Q9NZZ3,ordered
CYS,20,92.97,0.327143,Q9NZZ3,ordered
ILE,21,94.36,0.108242,Q9NZZ3,ordered
GLY,22,95.47,0.467059,Q9NZZ3,ordered
THR,23,95.93,0.527397,Q9NZZ3,ordered
VAL,24,97.05,0.08875,Q9NZZ3,ordered
ASP,25,97.42,0.360927,Q9NZZ3,ordered
SER,26,97.66,0.456557,Q9NZZ3,ordered
ARG,27,97.63,0.546888,Q9NZZ3,ordered
ALA,28,97.93,0.107965,Q9NZZ3,ordered
GLU,29,98.01,0.573224,Q9NZZ3,ordered
SER,30,98.29,0.481967,Q9NZZ3,ordered
ILE,31,98.26,0.093407,Q9NZZ3,ordered
ASP,32,98.37,0.368212,Q9NZZ3,ordered
LYS,33,98.53,0.604265,Q9NZZ3,ordered
LYS,34,98.3,0.437441,Q9NZZ3,ordered
ILE,35,98.43,0.087912,Q9NZZ3,ordered
SER,36,98.61,0.595082,Q9NZZ3,ordered
ARG,37,98.47,0.748133,Q9NZZ3,ordered
LEU,38,98.35,0.078889,Q9NZZ3,ordered
ASP,39,98.4,0.353642,Q9NZZ3,ordered
ALA,40,98.51,0.476106,Q9NZZ3,ordered
GLU,41,97.32,0.354098,Q9NZZ3,ordered
LEU,42,98.26,0.188333,Q9NZZ3,ordered
VAL,43,98.42,0.528125,Q9NZZ3,ordered
LYS,44,97.98,0.700474,Q9NZZ3,ordered
TYR,45,97.88,0.175109,Q9NZZ3,ordered
LYS,46,97.41,0.707583,Q9NZZ3,ordered
ASP,47,97.77,0.496026,Q9NZZ3,ordered
GLN,48,96.26,0.449206,Q9NZZ3,ordered
ILE,49,96.78,0.178571,Q9NZZ3,ordered
LYS,50,96.97,0.840284,Q9NZZ3,ordered
LYS,51,96.6,0.84455,Q9NZZ3,ordered
MET,52,95.5,0.242157,Q9NZZ3,ordered
ARG,53,96.08,0.89668,Q9NZZ3,ordered
GLU,54,95.76,0.643716,Q9NZZ3,ordered
GLY,55,95.19,0.255294,Q9NZZ3,ordered
PRO,56,95.81,0.754545,Q9NZZ3,ordered
ALA,57,95.87,0.454867,Q9NZZ3,ordered
LYS,58,97.37,0.094787,Q9NZZ3,ordered
ASN,59,95.08,0.489873,Q9NZZ3,ordered
MET,60,96.13,0.59951,Q9NZZ3,ordered
VAL,61,96.68,0.08375,Q9NZZ3,ordered
LYS,62,96.32,0.332227,Q9NZZ3,ordered
GLN,63,96.35,0.593651,Q9NZZ3,ordered
LYS,64,95.68,0.472038,Q9NZZ3,ordered
ALA,65,95.86,0.138938,Q9NZZ3,ordered
LEU,66,96.85,0.533889,Q9NZZ3,ordered
ARG,67,95.74,0.674274,Q9NZZ3,ordered
VAL,68,97.34,0.07625,Q9NZZ3,ordered
LEU,69,97.66,0.370556,Q9NZZ3,ordered
LYS,70,97.92,0.659716,Q9NZZ3,ordered
GLN,71,97.32,0.424868,Q9NZZ3,ordered
LYS,72,98.02,0.154028,Q9NZZ3,ordered
ARG,73,97.85,0.676763,Q9NZZ3,ordered
MET,74,97.93,0.554902,Q9NZZ3,ordered
TYR,75,98.57,0.225764,Q9NZZ3,ordered
GLU,76,98.35,0.313661,Q9NZZ3,ordered
GLN,77,98.02,0.546032,Q9NZZ3,ordered
GLN,78,97.12,0.429101,Q9NZZ3,ordered
ARG,79,98.27,0.33444,Q9NZZ3,ordered
ASP,80,98.19,0.444371,Q9NZZ3,ordered
ASN,81,97.54,0.486076,Q9NZZ3,ordered
LEU,82,98.02,0.055556,Q9NZZ3,ordered
ALA,83,96.87,0.427434,Q9NZZ3,ordered
GLN,84,97.65,0.514815,Q9NZZ3,ordered
GLN,85,96.31,0.46455,Q9NZZ3,ordered
SER,86,96.31,0.043443,Q9NZZ3,ordered
PHE,87,97.27,0.484862,Q9NZZ3,ordered
ASN,88,96.22,0.541772,Q9NZZ3,ordered
MET,89,96.5,0.187255,Q9NZZ3,ordered
GLU,90,96.0,0.468306,Q9NZZ3,ordered
GLN,91,96.78,0.509524,Q9NZZ3,ordered
ALA,92,95.0,0.361062,Q9NZZ3,ordered
ASN,93,93.36,0.277215,Q9NZZ3,ordered
TYR,94,95.38,0.70524,Q9NZZ3,ordered
THR,95,95.31,0.502055,Q9NZZ3,ordered
ILE,96,94.47,0.437363,Q9NZZ3,ordered
GLN,97,93.93,0.428042,Q9NZZ3,ordered
SER,98,95.14,0.429508,Q9NZZ3,ordered
LEU,99,95.21,0.620556,Q9NZZ3,ordered
LYS,100,95.51,0.52891,Q9NZZ3,ordered
ASP,101,95.41,0.535099,Q9NZZ3,ordered
THR,102,94.7,0.517123,Q9NZZ3,ordered
LYS,103,94.59,0.593365,Q9NZZ3,ordered
THR,104,95.95,0.617808,Q9NZZ3,ordered
THR,105,94.45,0.54589,Q9NZZ3,ordered
VAL,106,94.55,0.39875,Q9NZZ3,ordered
ASP,107,94.58,0.419205,Q9NZZ3,ordered
ALA,108,95.2,0.533628,Q9NZZ3,ordered
MET,109,92.54,0.616667,Q9NZZ3,ordered
LYS,110,92.47,0.614218,Q9NZZ3,ordered
LEU,111,93.86,0.542778,Q9NZZ3,ordered
GLY,112,91.75,0.397647,Q9NZZ3,ordered
VAL,113,91.96,0.438125,Q9NZZ3,ordered
LYS,114,91.9,0.591943,Q9NZZ3,ordered
GLU,115,92.36,0.574317,Q9NZZ3,ordered
MET,116,86.5,0.632353,Q9NZZ3,ordered
LYS,117,85.49,0.616114,Q9NZZ3,ordered
LYS,118,87.67,0.58673,Q9NZZ3,ordered
ALA,119,82.1,0.412389,Q9NZZ3,ordered
TYR,120,79.84,0.760262,Q9NZZ3,ordered
LYS,121,79.85,0.724171,Q9NZZ3,ordered
GLN,122,74.08,0.769312,Q9NZZ3,ordered
VAL,123,63.95,0.45625,Q9NZZ3,intermediate
LYS,124,60.61,0.558294,Q9NZZ3,intermediate
ILE,125,64.13,0.536813,Q9NZZ3,intermediate
ASP,126,65.5,0.675497,Q9NZZ3,intermediate
GLN,127,69.43,0.554497,Q9NZZ3,intermediate
ILE,128,69.95,0.376374,Q9NZZ3,intermediate
GLU,129,69.71,0.560109,Q9NZZ3,intermediate
ASP,130,76.66,0.570861,Q9NZZ3,intermediate
LEU,131,73.93,0.553889,Q9NZZ3,intermediate
GLN,132,73.84,0.591005,Q9NZZ3,intermediate
ASP,133,80.52,0.566887,Q9NZZ3,intermediate
GLN,134,80.66,0.554497,Q9NZZ3,intermediate
LEU,135,75.68,0.552778,Q9NZZ3,intermediate
GLU,136,81.38,0.608743,Q9NZZ3,intermediate
ASP,137,85.47,0.594702,Q9NZZ3,intermediate
MET,138,77.65,0.630392,Q9NZZ3,intermediate
MET,139,77.98,0.634804,Q9NZZ3,intermediate
GLU,140,81.5,0.608197,Q9NZZ3,intermediate
ASP,141,80.74,0.550993,Q9NZZ3,intermediate
ALA,142,75.12,0.469912,Q9NZZ3,intermediate
ASN,143,78.84,0.666456,Q9NZZ3,intermediate
GLU,144,77.44,0.680874,Q9NZZ3,intermediate
ILE,145,73.64,0.541758,Q9NZZ3,intermediate
GLN,146,68.82,0.703704,Q9NZZ3,intermediate
GLU,147,71.57,0.527322,Q9NZZ3,intermediate
ALA,148,67.92,0.559292,Q9NZZ3,intermediate
LEU,149,60.74,0.675,Q9NZZ3,intermediate
SER,150,64.44,0.778689,Q9NZZ3,intermediate
ARG,151,59.26,0.76805,Q9NZZ3,intermediate
SER,152,42.67,0.420492,Q9NZZ3,disordered
TYR,153,47.48,0.875109,Q9NZZ3,disordered
GLY,154,54.48,0.865882,Q9NZZ3,intermediate
THR,155,50.36,0.806164,Q9NZZ3,intermediate
PRO,156,52.79,0.653846,Q9NZZ3,intermediate
GLU,157,55.05,1.009836,Q9NZZ3,intermediate
LEU,158,59.22,0.668889,Q9NZZ3,intermediate
ASP,159,69.45,0.588079,Q9NZZ3,intermediate
GLU,160,70.31,0.804372,Q9NZZ3,intermediate
ASP,161,76.24,0.723841,Q9NZZ3,intermediate
ASP,162,75.77,0.725828,Q9NZZ3,intermediate
LEU,163,72.53,0.484444,Q9NZZ3,intermediate
GLU,164,74.9,0.675956,Q9NZZ3,intermediate
ALA,165,78.97,0.534513,Q9NZZ3,intermediate
GLU,166,75.47,0.726776,Q9NZZ3,intermediate
LEU,167,72.93,0.655556,Q9NZZ3,intermediate
ASP,168,77.75,0.729801,Q9NZZ3,intermediate
ALA,169,73.26,0.538053,Q9NZZ3,intermediate
LEU,170,67.36,0.538889,Q9NZZ3,intermediate
GLY,171,64.82,0.364706,Q9NZZ3,intermediate
ASP,172,67.72,0.739735,Q9NZZ3,intermediate
GLU,173,57.77,0.662295,Q9NZZ3,intermediate
LEU,174,54.87,0.637778,Q9NZZ3,intermediate
LEU,175,58.1,0.682222,Q9NZZ3,intermediate
ALA,176,58.19,0.60354,Q9NZZ3,intermediate
ASP,177,53.41,0.869536,Q9NZZ3,intermediate
GLU,178,51.91,0.840984,Q9NZZ3,intermediate
ASP,179,44.2,0.824503,Q9NZZ3,disordered
SER,180,42.67,0.8,Q9NZZ3,disordered
SER,181,50.5,0.740164,Q9NZZ3,intermediate
TYR,182,51.96,0.916157,Q9NZZ3,intermediate
LEU,183,49.99,0.924444,Q9NZZ3,disordered
ASP,184,49.15,0.817881,Q9NZZ3,disordered
GLU,185,50.52,0.8,Q9NZZ3,intermediate
ALA,186,54.42,0.785841,Q9NZZ3,intermediate
ALA,187,53.05,0.795575,Q9NZZ3,intermediate
SER,188,50.79,0.672131,Q9NZZ3,intermediate
ALA,189,53.97,0.786726,Q9NZZ3,intermediate
PRO,190,49.59,0.827273,Q9NZZ3,disordered
ALA,191,49.57,0.888496,Q9NZZ3,disordered
ILE,192,48.99,0.856044,Q9NZZ3,disordered
PRO,193,45.92,0.823077,Q9NZZ3,disordered
GLU,194,43.27,1.055191,Q9NZZ3,disordered
GLY,195,42.61,0.663529,Q9NZZ3,disordered
VAL,196,46.21,0.84,Q9NZZ3,disordered
PRO,197,50.85,0.716783,Q9NZZ3,intermediate
THR,198,53.46,0.747945,Q9NZZ3,intermediate
ASP,199,61.03,0.864901,Q9NZZ3,intermediate
THR,200,59.85,0.510959,Q9NZZ3,intermediate
LYS,201,73.15,0.642654,Q9NZZ3,intermediate
ASN,202,70.8,0.356329,Q9NZZ3,intermediate
LYS,203,72.33,1.00237,Q9NZZ3,intermediate
ASP,204,72.87,0.87947,Q9NZZ3,intermediate
GLY,205,73.59,0.543529,Q9NZZ3,intermediate
VAL,206,72.39,0.3575,Q9NZZ3,intermediate
LEU,207,74.4,0.361667,Q9NZZ3,intermediate
VAL,208,73.62,0.090625,Q9NZZ3,intermediate
ASP,209,73.71,0.352318,Q9NZZ3,intermediate
GLU,210,74.74,0.735519,Q9NZZ3,intermediate
PHE,211,72.37,0.813761,Q9NZZ3,intermediate
GLY,212,68.73,0.555294,Q9NZZ3,intermediate
LEU,213,73.17,0.565,Q9NZZ3,intermediate
PRO,214,74.83,0.571329,Q9NZZ3,intermediate
GLN,215,71.78,0.506349,Q9NZZ3,intermediate
ILE,216,69.95,0.848352,Q9NZZ3,intermediate
PRO,217,59.98,0.818182,Q9NZZ3,intermediate
ALA,218,60.34,0.924779,Q9NZZ3,intermediate
SER,219,46.29,1.469672,Q9NZZ3,disordered
