aa,pos,plddt,rsa,uniprot_id,location
MET,1,44.42,1.114706,Q9UMR5,disordered
LEU,2,39.17,0.97,Q9UMR5,disordered
GLY,3,42.0,0.751765,Q9UMR5,disordered
LEU,4,47.72,0.970556,Q9UMR5,disordered
CYS,5,47.12,0.923571,Q9UMR5,disordered
GLY,6,52.66,0.917647,Q9UMR5,intermediate
GLN,7,48.17,0.875132,Q9UMR5,disordered
ARG,8,51.01,0.907884,Q9UMR5,intermediate
LEU,9,52.88,0.956111,Q9UMR5,intermediate
PRO,10,45.2,0.823077,Q9UMR5,disordered
ALA,11,53.96,0.904425,Q9UMR5,intermediate
ALA,12,52.31,0.753982,Q9UMR5,intermediate
TRP,13,49.32,0.890347,Q9UMR5,disordered
VAL,14,52.72,0.74625,Q9UMR5,intermediate
LEU,15,55.38,0.72,Q9UMR5,intermediate
LEU,16,53.69,0.823333,Q9UMR5,intermediate
LEU,17,50.69,0.903333,Q9UMR5,intermediate
LEU,18,58.94,0.795,Q9UMR5,intermediate
PRO,19,62.31,0.720979,Q9UMR5,intermediate
PHE,20,57.2,0.947248,Q9UMR5,intermediate
LEU,21,57.0,0.828333,Q9UMR5,intermediate
PRO,22,61.0,0.675524,Q9UMR5,intermediate
LEU,23,59.82,0.832222,Q9UMR5,intermediate
LEU,24,58.91,0.821111,Q9UMR5,intermediate
LEU,25,60.6,0.792778,Q9UMR5,intermediate
LEU,26,59.04,0.905,Q9UMR5,intermediate
ALA,27,63.24,0.800885,Q9UMR5,intermediate
ALA,28,63.48,0.734513,Q9UMR5,intermediate
PRO,29,58.47,0.793706,Q9UMR5,intermediate
ALA,30,59.03,0.682301,Q9UMR5,intermediate
PRO,31,51.43,0.807692,Q9UMR5,intermediate
HIS,32,52.85,0.941237,Q9UMR5,intermediate
ARG,33,57.74,0.775104,Q9UMR5,intermediate
ALA,34,62.53,0.738938,Q9UMR5,intermediate
SER,35,84.71,0.845902,Q9UMR5,ordered
TYR,36,95.63,0.286463,Q9UMR5,ordered
LYS,37,97.73,0.190521,Q9UMR5,ordered
PRO,38,98.08,0.226573,Q9UMR5,ordered
VAL,39,98.77,0.001875,Q9UMR5,ordered
ILE,40,98.83,0.0,Q9UMR5,ordered
VAL,41,98.86,0.00125,Q9UMR5,ordered
VAL,42,98.81,0.01875,Q9UMR5,ordered
HIS,43,98.41,0.047938,Q9UMR5,ordered
GLY,44,97.19,0.022353,Q9UMR5,ordered
LEU,45,95.17,0.177778,Q9UMR5,ordered
PHE,46,94.09,0.266055,Q9UMR5,ordered
ASP,47,93.51,0.095364,Q9UMR5,ordered
SER,48,95.35,0.260656,Q9UMR5,ordered
SER,49,94.92,0.319672,Q9UMR5,ordered
TYR,50,95.67,0.713974,Q9UMR5,ordered
SER,51,95.39,0.295902,Q9UMR5,ordered
PHE,52,97.71,0.000917,Q9UMR5,ordered
ARG,53,97.44,0.474274,Q9UMR5,ordered
HIS,54,97.56,0.255155,Q9UMR5,ordered
LEU,55,98.39,0.007778,Q9UMR5,ordered
LEU,56,98.09,0.34,Q9UMR5,ordered
GLU,57,98.11,0.454645,Q9UMR5,ordered
TYR,58,98.36,0.119214,Q9UMR5,ordered
ILE,59,98.15,0.007143,Q9UMR5,ordered
ASN,60,97.0,0.624684,Q9UMR5,ordered
GLU,61,97.34,0.673224,Q9UMR5,ordered
THR,62,96.73,0.278082,Q9UMR5,ordered
HIS,63,96.39,0.093299,Q9UMR5,ordered
PRO,64,95.59,0.36014,Q9UMR5,ordered
GLY,65,94.81,0.711765,Q9UMR5,ordered
THR,66,97.08,0.157534,Q9UMR5,ordered
VAL,67,97.32,0.560625,Q9UMR5,ordered
VAL,68,98.23,0.25375,Q9UMR5,ordered
THR,69,98.53,0.286301,Q9UMR5,ordered
VAL,70,98.49,0.148125,Q9UMR5,ordered
LEU,71,98.33,0.088889,Q9UMR5,ordered
ASP,72,97.53,0.535099,Q9UMR5,ordered
LEU,73,98.0,0.308889,Q9UMR5,ordered
PHE,74,98.45,0.155505,Q9UMR5,ordered
ASP,75,97.54,0.336424,Q9UMR5,ordered
GLY,76,95.85,0.290588,Q9UMR5,ordered
ARG,77,95.43,0.782158,Q9UMR5,ordered
GLU,78,97.93,0.435519,Q9UMR5,ordered
SER,79,97.9,0.010656,Q9UMR5,ordered
LEU,80,97.16,0.155556,Q9UMR5,ordered
ARG,81,98.42,0.431535,Q9UMR5,ordered
PRO,82,98.66,0.163636,Q9UMR5,ordered
LEU,83,98.85,0.0,Q9UMR5,ordered
TRP,84,98.74,0.249807,Q9UMR5,ordered
GLU,85,98.77,0.408197,Q9UMR5,ordered
GLN,86,98.8,0.040741,Q9UMR5,ordered
VAL,87,98.86,0.00125,Q9UMR5,ordered
GLN,88,98.68,0.47037,Q9UMR5,ordered
GLY,89,98.61,0.225882,Q9UMR5,ordered
PHE,90,98.73,0.011927,Q9UMR5,ordered
ARG,91,98.76,0.321162,Q9UMR5,ordered
GLU,92,98.61,0.763934,Q9UMR5,ordered
ALA,93,98.4,0.257522,Q9UMR5,ordered
VAL,94,98.45,0.005,Q9UMR5,ordered
VAL,95,98.49,0.366875,Q9UMR5,ordered
PRO,96,98.42,0.431469,Q9UMR5,ordered
ILE,97,98.3,0.18956,Q9UMR5,ordered
MET,98,98.37,0.057353,Q9UMR5,ordered
ALA,99,98.16,0.781416,Q9UMR5,ordered
LYS,100,97.6,0.78436,Q9UMR5,ordered
ALA,101,96.51,0.050442,Q9UMR5,ordered
PRO,102,93.05,0.844755,Q9UMR5,ordered
GLN,103,95.59,0.726455,Q9UMR5,ordered
GLY,104,97.46,0.032941,Q9UMR5,ordered
VAL,105,98.59,0.0,Q9UMR5,ordered
HIS,106,98.84,0.003608,Q9UMR5,ordered
LEU,107,98.92,0.003889,Q9UMR5,ordered
ILE,108,98.9,0.0,Q9UMR5,ordered
CYS,109,98.93,0.0,Q9UMR5,ordered
TYR,110,98.85,0.061572,Q9UMR5,ordered
SER,111,98.39,0.091803,Q9UMR5,ordered
GLN,112,98.6,0.016931,Q9UMR5,ordered
GLY,113,98.76,0.010588,Q9UMR5,ordered
GLY,114,98.89,0.0,Q9UMR5,ordered
LEU,115,98.94,0.0,Q9UMR5,ordered
VAL,116,98.91,0.009375,Q9UMR5,ordered
CYS,117,98.94,0.003571,Q9UMR5,ordered
ARG,118,98.93,0.00166,Q9UMR5,ordered
ALA,119,98.93,0.0,Q9UMR5,ordered
LEU,120,98.87,0.012222,Q9UMR5,ordered
LEU,121,98.91,0.0,Q9UMR5,ordered
SER,122,98.86,0.013115,Q9UMR5,ordered
VAL,123,98.68,0.200625,Q9UMR5,ordered
MET,124,98.6,0.010784,Q9UMR5,ordered
ASP,125,98.32,0.643709,Q9UMR5,ordered
ASP,126,98.24,0.612583,Q9UMR5,ordered
HIS,127,98.66,0.007732,Q9UMR5,ordered
ASN,128,98.45,0.281646,Q9UMR5,ordered
VAL,129,98.79,0.02625,Q9UMR5,ordered
ASP,130,98.66,0.238411,Q9UMR5,ordered
SER,131,98.82,0.02459,Q9UMR5,ordered
PHE,132,98.92,0.0,Q9UMR5,ordered
ILE,133,98.94,0.0,Q9UMR5,ordered
SER,134,98.93,0.0,Q9UMR5,ordered
LEU,135,98.89,0.0,Q9UMR5,ordered
SER,136,98.75,0.004098,Q9UMR5,ordered
SER,137,98.84,0.0,Q9UMR5,ordered
PRO,138,98.69,0.017483,Q9UMR5,ordered
GLN,139,98.92,0.0,Q9UMR5,ordered
MET,140,98.84,0.013725,Q9UMR5,ordered
GLY,141,98.53,0.0,Q9UMR5,ordered
GLN,142,97.83,0.074074,Q9UMR5,ordered
TYR,143,97.04,0.015284,Q9UMR5,ordered
GLY,144,91.18,0.028235,Q9UMR5,ordered
ASP,145,85.79,0.645033,Q9UMR5,ordered
THR,146,82.71,0.112329,Q9UMR5,ordered
ASP,147,81.24,0.89404,Q9UMR5,ordered
TYR,148,77.21,0.367249,Q9UMR5,ordered
LEU,149,81.72,0.066111,Q9UMR5,ordered
LYS,150,83.2,0.661611,Q9UMR5,ordered
TRP,151,79.57,0.600386,Q9UMR5,ordered
LEU,152,78.64,0.275556,Q9UMR5,ordered
PHE,153,79.84,0.150917,Q9UMR5,ordered
PRO,154,78.32,0.674126,Q9UMR5,ordered
THR,155,73.24,0.926027,Q9UMR5,ordered
SER,156,71.09,0.202459,Q9UMR5,ordered
MET,157,75.1,0.603431,Q9UMR5,ordered
ARG,158,84.4,0.258921,Q9UMR5,ordered
SER,159,79.48,0.457377,Q9UMR5,ordered
ASN,160,87.09,0.310759,Q9UMR5,ordered
LEU,161,90.76,0.002778,Q9UMR5,ordered
TYR,162,92.25,0.163755,Q9UMR5,ordered
ARG,163,92.25,0.638589,Q9UMR5,ordered
ILE,164,92.68,0.310989,Q9UMR5,ordered
CYS,165,95.5,0.005714,Q9UMR5,ordered
TYR,166,97.53,0.11048,Q9UMR5,ordered
SER,167,96.52,0.086066,Q9UMR5,ordered
PRO,168,96.57,0.744056,Q9UMR5,ordered
TRP,169,96.61,0.672201,Q9UMR5,ordered
GLY,170,96.28,0.011765,Q9UMR5,ordered
GLN,171,98.19,0.064021,Q9UMR5,ordered
GLU,172,97.77,0.605464,Q9UMR5,ordered
PHE,173,96.52,0.450459,Q9UMR5,ordered
SER,174,97.95,0.0,Q9UMR5,ordered
ILE,175,96.6,0.060989,Q9UMR5,ordered
CYS,176,97.29,0.005,Q9UMR5,ordered
ASN,177,98.62,0.008861,Q9UMR5,ordered
TYR,178,98.4,0.048035,Q9UMR5,ordered
TRP,179,98.17,0.0,Q9UMR5,ordered
HIS,180,98.31,0.060309,Q9UMR5,ordered
ASP,181,97.98,0.001987,Q9UMR5,ordered
PRO,182,97.56,0.097902,Q9UMR5,ordered
HIS,183,97.66,0.451031,Q9UMR5,ordered
HIS,184,97.13,0.298454,Q9UMR5,ordered
ASP,185,96.39,0.428477,Q9UMR5,ordered
ASP,186,97.04,0.86755,Q9UMR5,ordered
LEU,187,97.24,0.421667,Q9UMR5,ordered
TYR,188,98.32,0.0,Q9UMR5,ordered
LEU,189,97.84,0.261111,Q9UMR5,ordered
ASN,190,97.54,0.75,Q9UMR5,ordered
ALA,191,97.87,0.223009,Q9UMR5,ordered
SER,192,98.31,0.0,Q9UMR5,ordered
SER,193,98.16,0.318852,Q9UMR5,ordered
PHE,194,98.84,0.0,Q9UMR5,ordered
LEU,195,98.84,0.0,Q9UMR5,ordered
ALA,196,98.55,0.0,Q9UMR5,ordered
LEU,197,98.4,0.168333,Q9UMR5,ordered
ILE,198,98.69,0.026923,Q9UMR5,ordered
ASN,199,98.76,0.0,Q9UMR5,ordered
GLY,200,98.08,0.234118,Q9UMR5,ordered
GLU,201,98.05,0.332787,Q9UMR5,ordered
ARG,202,95.36,0.281328,Q9UMR5,ordered
ASP,203,94.96,0.953642,Q9UMR5,ordered
HIS,204,97.64,0.168557,Q9UMR5,ordered
PRO,205,97.81,0.91049,Q9UMR5,ordered
ASN,206,98.1,0.464557,Q9UMR5,ordered
ALA,207,98.2,0.223894,Q9UMR5,ordered
THR,208,98.45,0.758219,Q9UMR5,ordered
VAL,209,98.69,0.455,Q9UMR5,ordered
TRP,210,98.76,0.123166,Q9UMR5,ordered
ARG,211,98.75,0.304979,Q9UMR5,ordered
LYS,212,98.83,0.698104,Q9UMR5,ordered
ASN,213,98.84,0.03481,Q9UMR5,ordered
PHE,214,98.9,0.0,Q9UMR5,ordered
LEU,215,98.86,0.17,Q9UMR5,ordered
ARG,216,98.71,0.482158,Q9UMR5,ordered
VAL,217,98.68,0.00125,Q9UMR5,ordered
GLY,218,98.52,0.248235,Q9UMR5,ordered
HIS,219,98.81,0.289175,Q9UMR5,ordered
LEU,220,98.9,0.0,Q9UMR5,ordered
VAL,221,98.91,0.00125,Q9UMR5,ordered
LEU,222,98.94,0.0,Q9UMR5,ordered
ILE,223,98.91,0.0,Q9UMR5,ordered
GLY,224,98.77,0.0,Q9UMR5,ordered
GLY,225,98.51,0.002353,Q9UMR5,ordered
PRO,226,98.22,0.493007,Q9UMR5,ordered
ASP,227,97.78,0.527152,Q9UMR5,ordered
ASP,228,97.19,0.027815,Q9UMR5,ordered
GLY,229,93.83,0.82,Q9UMR5,ordered
VAL,230,95.48,0.189375,Q9UMR5,ordered
ILE,231,97.4,0.064286,Q9UMR5,ordered
THR,232,97.74,0.229452,Q9UMR5,ordered
PRO,233,98.1,0.025874,Q9UMR5,ordered
TRP,234,98.46,0.29305,Q9UMR5,ordered
GLN,235,98.71,0.248677,Q9UMR5,ordered
SER,236,98.84,0.0,Q9UMR5,ordered
SER,237,98.79,0.0,Q9UMR5,ordered
PHE,238,98.88,0.109174,Q9UMR5,ordered
PHE,239,98.89,0.0,Q9UMR5,ordered
GLY,240,98.84,0.028235,Q9UMR5,ordered
PHE,241,98.8,0.013303,Q9UMR5,ordered
TYR,242,98.48,0.19083,Q9UMR5,ordered
ASP,243,97.16,0.25894,Q9UMR5,ordered
ALA,244,96.41,0.588496,Q9UMR5,ordered
ASN,245,97.22,0.816456,Q9UMR5,ordered
GLU,246,96.89,0.314208,Q9UMR5,ordered
THR,247,98.18,0.505479,Q9UMR5,ordered
VAL,248,98.53,0.325,Q9UMR5,ordered
LEU,249,98.62,0.272778,Q9UMR5,ordered
GLU,250,98.74,0.621311,Q9UMR5,ordered
MET,251,98.76,0.011765,Q9UMR5,ordered
GLU,252,98.71,0.285246,Q9UMR5,ordered
GLU,253,98.63,0.584153,Q9UMR5,ordered
GLN,254,98.63,0.102116,Q9UMR5,ordered
LEU,255,98.29,0.601667,Q9UMR5,ordered
VAL,256,98.55,0.04125,Q9UMR5,ordered
TYR,257,98.83,0.144541,Q9UMR5,ordered
LEU,258,98.66,0.506667,Q9UMR5,ordered
ARG,259,98.55,0.706224,Q9UMR5,ordered
ASP,260,98.67,0.107285,Q9UMR5,ordered
SER,261,98.57,0.190984,Q9UMR5,ordered
PHE,262,98.8,0.020183,Q9UMR5,ordered
GLY,263,98.75,0.0,Q9UMR5,ordered
LEU,264,98.78,0.001111,Q9UMR5,ordered
LYS,265,98.85,0.338389,Q9UMR5,ordered
THR,266,98.85,0.338356,Q9UMR5,ordered
LEU,267,98.87,0.0,Q9UMR5,ordered
LEU,268,98.77,0.271111,Q9UMR5,ordered
ALA,269,98.76,0.819469,Q9UMR5,ordered
ARG,270,98.56,0.562241,Q9UMR5,ordered
GLY,271,98.61,0.590588,Q9UMR5,ordered
ALA,272,98.72,0.017699,Q9UMR5,ordered
ILE,273,98.86,0.105495,Q9UMR5,ordered
VAL,274,98.79,0.16125,Q9UMR5,ordered
ARG,275,98.81,0.424481,Q9UMR5,ordered
CYS,276,98.8,0.12,Q9UMR5,ordered
PRO,277,98.59,0.583217,Q9UMR5,ordered
MET,278,98.55,0.169118,Q9UMR5,ordered
ALA,279,97.97,0.650442,Q9UMR5,ordered
GLY,280,97.5,0.776471,Q9UMR5,ordered
ILE,281,98.22,0.015934,Q9UMR5,ordered
SER,282,97.35,0.42459,Q9UMR5,ordered
HIS,283,97.3,0.044845,Q9UMR5,ordered
THR,284,95.78,0.591781,Q9UMR5,ordered
ALA,285,97.86,0.237168,Q9UMR5,ordered
TRP,286,98.55,0.003089,Q9UMR5,ordered
HIS,287,97.85,0.063402,Q9UMR5,ordered
SER,288,98.36,0.340164,Q9UMR5,ordered
ASN,289,98.59,0.277848,Q9UMR5,ordered
ARG,290,98.33,0.266805,Q9UMR5,ordered
THR,291,98.49,0.563014,Q9UMR5,ordered
LEU,292,98.59,0.001667,Q9UMR5,ordered
TYR,293,98.71,0.00524,Q9UMR5,ordered
GLU,294,98.37,0.481421,Q9UMR5,ordered
THR,295,98.47,0.491781,Q9UMR5,ordered
CYS,296,98.63,0.001429,Q9UMR5,ordered
ILE,297,98.79,0.002747,Q9UMR5,ordered
GLU,298,98.44,0.273224,Q9UMR5,ordered
PRO,299,98.17,0.509091,Q9UMR5,ordered
TRP,300,98.41,0.238224,Q9UMR5,ordered
LEU,301,97.47,0.001667,Q9UMR5,ordered
SER,302,76.89,0.671311,Q9UMR5,ordered
